identifier,brownlee_gerry_recovery_key_john_prime_cera,people_rubble_word_cathedral_printed_church_representing,insurance_ami_tsunami_representing_disaster_japan_power,aftershocks_liquefaction_aftershock_heading_humour_called_continuing,cup_world_rugby_john_key_auckland_prime,council_city_marryatt_pay_rise_tony_parker,bob_mayor_parker_standing_move_elections_sign,government_finance_english_bill_cost_billion_south,people_ring_moon_march_ken_called_seismic,version_south_island_damage_snow_crack_north,red_zone_business_central_areas_city_black,buildings_city_people_damaged_rebuild_replies_asks,portaloo_damage_infrastructure_house_portaloos_shipping_tells,building_damage_rebuild_eqc_homes_family_queue,aftershocks_toilet_paper_great_sits_problems_year,newspaper_reading_headline_june_land_report_government,river_represents_pike_large_chch_economy_state
DCDL-0017168,0.00115340253748558,0.404844290657439,0.00115340253748558,0.00115340253748558,0.00115340253748558,0.00115340253748558,0.00115340253748558,0.00115340253748558,0.00115340253748558,0.00115340253748558,0.0588235294117647,0.231833910034602,0.00115340253748558,0.00115340253748558,0.289504036908881,0.00115340253748558,0.00115340253748558
DCDL-0017185,0.00139470013947001,0.00139470013947001,0.00139470013947001,0.00139470013947001,0.00139470013947001,0.00139470013947001,0.280334728033473,0.00139470013947001,0.00139470013947001,0.00139470013947001,0.00139470013947001,0.419804741980474,0.00139470013947001,0.00139470013947001,0.00139470013947001,0.00139470013947001,0.280334728033473
DCDL-0017178,0.00162074554294976,0.487844408427877,0.00162074554294976,0.00162074554294976,0.00162074554294976,0.00162074554294976,0.00162074554294976,0.00162074554294976,0.0826580226904376,0.00162074554294976,0.244732576985413,0.00162074554294976,0.00162074554294976,0.00162074554294976,0.00162074554294976,0.00162074554294976,0.163695299837925
DCDL-0017174,0.00239808153477218,0.00239808153477218,0.00239808153477218,0.00239808153477218,0.00239808153477218,0.00239808153477218,0.00239808153477218,0.00239808153477218,0.122302158273381,0.00239808153477218,0.00239808153477218,0.841726618705036,0.00239808153477218,0.00239808153477218,0.00239808153477218,0.00239808153477218,0.00239808153477218
DCDL-0017205,0.00115340253748558,0.116493656286044,0.00115340253748558,0.00115340253748558,0.0588235294117647,0.0588235294117647,0.00115340253748558,0.00115340253748558,0.750865051903114,0.00115340253748558,0.00115340253748558,0.00115340253748558,0.00115340253748558,0.00115340253748558,0.00115340253748558,0.00115340253748558,0.00115340253748558
DCDL-0017305,0.00149925037481259,0.301349325337331,0.00149925037481259,0.67616191904048,0.00149925037481259,0.00149925037481259,0.00149925037481259,0.00149925037481259,0.00149925037481259,0.00149925037481259,0.00149925037481259,0.00149925037481259,0.00149925037481259,0.00149925037481259,0.00149925037481259,0.00149925037481259,0.00149925037481259
DCDL-0017204,0.00272479564032698,0.956403269754768,0.00272479564032698,0.00272479564032698,0.00272479564032698,0.00272479564032698,0.00272479564032698,0.00272479564032698,0.00272479564032698,0.00272479564032698,0.00272479564032698,0.00272479564032698,0.00272479564032698,0.00272479564032698,0.00272479564032698,0.00272479564032698,0.00272479564032698
DCDL-0017151,0.00193423597678917,0.0986460348162476,0.00193423597678917,0.00193423597678917,0.00193423597678917,0.00193423597678917,0.00193423597678917,0.00193423597678917,0.00193423597678917,0.00193423597678917,0.00193423597678917,0.00193423597678917,0.678916827852998,0.00193423597678917,0.00193423597678917,0.00193423597678917,0.195357833655706
DCDL-0017222,0.00115340253748558,0.00115340253748558,0.00115340253748558,0.00115340253748558,0.00115340253748558,0.00115340253748558,0.00115340253748558,0.462514417531719,0.00115340253748558,0.00115340253748558,0.00115340253748558,0.00115340253748558,0.00115340253748558,0.00115340253748558,0.00115340253748558,0.00115340253748558,0.520184544405998
DCDL-0017244,0.00460829493087558,0.00460829493087558,0.00460829493087558,0.00460829493087558,0.00460829493087558,0.00460829493087558,0.695852534562212,0.00460829493087558,0.00460829493087558,0.00460829493087558,0.00460829493087558,0.00460829493087558,0.00460829493087558,0.00460829493087558,0.00460829493087558,0.00460829493087558,0.235023041474654
DCDL-0021187,0.00193423597678917,0.678916827852998,0.195357833655706,0.0986460348162476,0.00193423597678917,0.00193423597678917,0.00193423597678917,0.00193423597678917,0.00193423597678917,0.00193423597678917,0.00193423597678917,0.00193423597678917,0.00193423597678917,0.00193423597678917,0.00193423597678917,0.00193423597678917,0.00193423597678917
DCDL-0017210,0.00130378096479791,0.00130378096479791,0.00130378096479791,0.196870925684485,0.00130378096479791,0.00130378096479791,0.00130378096479791,0.00130378096479791,0.00130378096479791,0.00130378096479791,0.262059973924381,0.262059973924381,0.00130378096479791,0.00130378096479791,0.00130378096479791,0.00130378096479791,0.262059973924381
DCDL-0017156,0.00315457413249211,0.634069400630915,0.00315457413249211,0.318611987381703,0.00315457413249211,0.00315457413249211,0.00315457413249211,0.00315457413249211,0.00315457413249211,0.00315457413249211,0.00315457413249211,0.00315457413249211,0.00315457413249211,0.00315457413249211,0.00315457413249211,0.00315457413249211,0.00315457413249211
DCDL-0021186,0.00115340253748558,0.981545559400231,0.00115340253748558,0.00115340253748558,0.00115340253748558,0.00115340253748558,0.00115340253748558,0.00115340253748558,0.00115340253748558,0.00115340253748558,0.00115340253748558,0.00115340253748558,0.00115340253748558,0.00115340253748558,0.00115340253748558,0.00115340253748558,0.00115340253748558
DCDL-0017239,0.000599880023995201,0.000599880023995201,0.000599880023995201,0.000599880023995201,0.000599880023995201,0.000599880023995201,0.000599880023995201,0.480503899220156,0.000599880023995201,0.000599880023995201,0.0905818836232753,0.000599880023995201,0.000599880023995201,0.270545890821836,0.000599880023995201,0.150569886022795,0.000599880023995201
DCDL-0017203,0.000937207122774133,0.000937207122774133,0.000937207122774133,0.000937207122774133,0.000937207122774133,0.000937207122774133,0.000937207122774133,0.000937207122774133,0.000937207122774133,0.000937207122774133,0.000937207122774133,0.0946579194001874,0.000937207122774133,0.000937207122774133,0.375820056232427,0.516401124648547,0.000937207122774133
DCDL-0017142,0.0588235294117647,0.00115340253748558,0.116493656286044,0.00115340253748558,0.00115340253748558,0.00115340253748558,0.00115340253748558,0.00115340253748558,0.00115340253748558,0.00115340253748558,0.462514417531719,0.00115340253748558,0.00115340253748558,0.00115340253748558,0.00115340253748558,0.174163783160323,0.174163783160323
DCDL-0017173,0.00139470013947001,0.00139470013947001,0.00139470013947001,0.00139470013947001,0.00139470013947001,0.00139470013947001,0.00139470013947001,0.00139470013947001,0.00139470013947001,0.350069735006973,0.00139470013947001,0.00139470013947001,0.0711297071129707,0.559274755927476,0.00139470013947001,0.00139470013947001,0.00139470013947001
DCDL-0017152,0.00272479564032698,0.82016348773842,0.00272479564032698,0.00272479564032698,0.00272479564032698,0.00272479564032698,0.00272479564032698,0.00272479564032698,0.00272479564032698,0.00272479564032698,0.00272479564032698,0.00272479564032698,0.00272479564032698,0.00272479564032698,0.00272479564032698,0.00272479564032698,0.138964577656676
DCDL-0016804,0.00460829493087558,0.00460829493087558,0.00460829493087558,0.926267281105991,0.00460829493087558,0.00460829493087558,0.00460829493087558,0.00460829493087558,0.00460829493087558,0.00460829493087558,0.00460829493087558,0.00460829493087558,0.00460829493087558,0.00460829493087558,0.00460829493087558,0.00460829493087558,0.00460829493087558
DCDL-0015839,0.00272479564032698,0.275204359673025,0.00272479564032698,0.00272479564032698,0.00272479564032698,0.00272479564032698,0.00272479564032698,0.00272479564032698,0.683923705722071,0.00272479564032698,0.00272479564032698,0.00272479564032698,0.00272479564032698,0.00272479564032698,0.00272479564032698,0.00272479564032698,0.00272479564032698
DCDL-0017163,0.00149925037481259,0.52623688155922,0.00149925037481259,0.00149925037481259,0.00149925037481259,0.00149925037481259,0.00149925037481259,0.00149925037481259,0.00149925037481259,0.00149925037481259,0.00149925037481259,0.00149925037481259,0.00149925037481259,0.226386806596702,0.00149925037481259,0.00149925037481259,0.226386806596702
DCDL-0015539,0.00239808153477218,0.841726618705036,0.00239808153477218,0.00239808153477218,0.00239808153477218,0.00239808153477218,0.00239808153477218,0.122302158273381,0.00239808153477218,0.00239808153477218,0.00239808153477218,0.00239808153477218,0.00239808153477218,0.00239808153477218,0.00239808153477218,0.00239808153477218,0.00239808153477218
DCDL-0017252,0.00122399020807834,0.00122399020807834,0.00122399020807834,0.00122399020807834,0.00122399020807834,0.00122399020807834,0.429620563035496,0.246022031823745,0.00122399020807834,0.00122399020807834,0.00122399020807834,0.00122399020807834,0.00122399020807834,0.307221542227662,0.00122399020807834,0.00122399020807834,0.00122399020807834
DCDL-0017179,0.00162074554294976,0.00162074554294976,0.00162074554294976,0.00162074554294976,0.00162074554294976,0.00162074554294976,0.893030794165316,0.00162074554294976,0.0826580226904376,0.00162074554294976,0.00162074554294976,0.00162074554294976,0.00162074554294976,0.00162074554294976,0.00162074554294976,0.00162074554294976,0.00162074554294976
DCDL-0017169,0.00149925037481259,0.00149925037481259,0.00149925037481259,0.00149925037481259,0.00149925037481259,0.00149925037481259,0.00149925037481259,0.00149925037481259,0.151424287856072,0.00149925037481259,0.00149925037481259,0.00149925037481259,0.00149925037481259,0.826086956521739,0.00149925037481259,0.00149925037481259,0.00149925037481259
DCDL-0017209,0.000759301442672741,0.987851176917236,0.000759301442672741,0.000759301442672741,0.000759301442672741,0.000759301442672741,0.000759301442672741,0.000759301442672741,0.000759301442672741,0.000759301442672741,0.000759301442672741,0.000759301442672741,0.000759301442672741,0.000759301442672741,0.000759301442672741,0.000759301442672741,0.000759301442672741
DCDL-0017181,0.00139470013947001,0.489539748953975,0.00139470013947001,0.00139470013947001,0.00139470013947001,0.00139470013947001,0.00139470013947001,0.00139470013947001,0.00139470013947001,0.00139470013947001,0.00139470013947001,0.00139470013947001,0.419804741980474,0.00139470013947001,0.00139470013947001,0.00139470013947001,0.0711297071129707
DCDL-0017200,0.00193423597678917,0.00193423597678917,0.00193423597678917,0.00193423597678917,0.00193423597678917,0.00193423597678917,0.00193423597678917,0.00193423597678917,0.00193423597678917,0.00193423597678917,0.00193423597678917,0.485493230174081,0.00193423597678917,0.0986460348162476,0.00193423597678917,0.00193423597678917,0.388781431334623
DCDL-0017160,0.262059973924381,0.00130378096479791,0.00130378096479791,0.00130378096479791,0.00130378096479791,0.00130378096479791,0.00130378096479791,0.00130378096479791,0.00130378096479791,0.00130378096479791,0.00130378096479791,0.262059973924381,0.00130378096479791,0.00130378096479791,0.00130378096479791,0.00130378096479791,0.457627118644068
DCDL-0017208,0.000821692686935086,0.124075595727198,0.000821692686935086,0.000821692686935086,0.000821692686935086,0.000821692686935086,0.000821692686935086,0.000821692686935086,0.000821692686935086,0.000821692686935086,0.0829909613804437,0.000821692686935086,0.000821692686935086,0.0419063270336894,0.000821692686935086,0.740345110928513,0.000821692686935086
DCDL-0017164,0.00598802395209581,0.00598802395209581,0.00598802395209581,0.00598802395209581,0.00598802395209581,0.00598802395209581,0.00598802395209581,0.00598802395209581,0.00598802395209581,0.00598802395209581,0.00598802395209581,0.00598802395209581,0.904191616766467,0.00598802395209581,0.00598802395209581,0.00598802395209581,0.00598802395209581
DCDL-0017230,0.565278757939308,0.000705716302046577,0.000705716302046577,0.000705716302046577,0.0359915314043754,0.000705716302046577,0.000705716302046577,0.000705716302046577,0.000705716302046577,0.000705716302046577,0.000705716302046577,0.318278052223006,0.000705716302046577,0.0712773465067043,0.000705716302046577,0.000705716302046577,0.000705716302046577
DCDL-0017307,0.679683078664403,0.000565930956423316,0.000565930956423316,0.000565930956423316,0.000565930956423316,0.000565930956423316,0.0288624787775891,0.000565930956423316,0.000565930956423316,0.000565930956423316,0.000565930956423316,0.283531409168082,0.000565930956423316,0.000565930956423316,0.000565930956423316,0.000565930956423316,0.000565930956423316
DCDL-0017217,0.00149925037481259,0.00149925037481259,0.00149925037481259,0.00149925037481259,0.00149925037481259,0.00149925037481259,0.151424287856072,0.00149925037481259,0.00149925037481259,0.00149925037481259,0.00149925037481259,0.00149925037481259,0.00149925037481259,0.826086956521739,0.00149925037481259,0.00149925037481259,0.00149925037481259
DCDL-0017170,0.00162074554294976,0.00162074554294976,0.00162074554294976,0.244732576985413,0.163695299837925,0.00162074554294976,0.00162074554294976,0.00162074554294976,0.00162074554294976,0.568881685575365,0.00162074554294976,0.00162074554294976,0.00162074554294976,0.00162074554294976,0.00162074554294976,0.00162074554294976,0.00162074554294976
DCDL-0017157,0.00272479564032698,0.00272479564032698,0.00272479564032698,0.683923705722071,0.00272479564032698,0.00272479564032698,0.00272479564032698,0.00272479564032698,0.00272479564032698,0.00272479564032698,0.00272479564032698,0.00272479564032698,0.00272479564032698,0.00272479564032698,0.00272479564032698,0.275204359673025,0.00272479564032698
DCDL-0017207,0.00103412616339193,0.828335056876939,0.00103412616339193,0.00103412616339193,0.00103412616339193,0.00103412616339193,0.00103412616339193,0.00103412616339193,0.00103412616339193,0.00103412616339193,0.00103412616339193,0.00103412616339193,0.156153050672182,0.00103412616339193,0.00103412616339193,0.00103412616339193,0.00103412616339193
DCDL-0017246,0.00109051254089422,0.600872410032715,0.00109051254089422,0.00109051254089422,0.00109051254089422,0.00109051254089422,0.0556161395856052,0.00109051254089422,0.00109051254089422,0.32824427480916,0.00109051254089422,0.00109051254089422,0.00109051254089422,0.00109051254089422,0.00109051254089422,0.00109051254089422,0.00109051254089422
DCDL-0017223,0.00162074554294976,0.00162074554294976,0.00162074554294976,0.00162074554294976,0.00162074554294976,0.00162074554294976,0.00162074554294976,0.00162074554294976,0.00162074554294976,0.00162074554294976,0.487844408427877,0.00162074554294976,0.00162074554294976,0.00162074554294976,0.00162074554294976,0.487844408427877,0.00162074554294976
DCDL-0017166,0.00122399020807834,0.00122399020807834,0.00122399020807834,0.00122399020807834,0.00122399020807834,0.00122399020807834,0.00122399020807834,0.00122399020807834,0.246022031823745,0.00122399020807834,0.00122399020807834,0.00122399020807834,0.00122399020807834,0.00122399020807834,0.00122399020807834,0.00122399020807834,0.73561811505508
DCDL-0017216,0.00193423597678917,0.969052224371373,0.00193423597678917,0.00193423597678917,0.00193423597678917,0.00193423597678917,0.00193423597678917,0.00193423597678917,0.00193423597678917,0.00193423597678917,0.00193423597678917,0.00193423597678917,0.00193423597678917,0.00193423597678917,0.00193423597678917,0.00193423597678917,0.00193423597678917
DCDL-0017162,0.000618429189857761,0.000618429189857761,0.000618429189857761,0.000618429189857761,0.000618429189857761,0.000618429189857761,0.000618429189857761,0.000618429189857761,0.000618429189857761,0.186147186147186,0.000618429189857761,0.000618429189857761,0.000618429189857761,0.000618429189857761,0.000618429189857761,0.526283240568955,0.27891156462585
DCDL-0017231,0.000856898029134533,0.000856898029134533,0.000856898029134533,0.000856898029134533,0.0437017994858612,0.000856898029134533,0.000856898029134533,0.000856898029134533,0.172236503856041,0.000856898029134533,0.000856898029134533,0.343616109682948,0.000856898029134533,0.000856898029134533,0.429305912596401,0.000856898029134533,0.000856898029134533
DCDL-0017159,0.000789265982636148,0.592738752959747,0.119179163378058,0.0402525651144436,0.000789265982636148,0.000789265982636148,0.000789265982636148,0.000789265982636148,0.000789265982636148,0.237569060773481,0.000789265982636148,0.000789265982636148,0.000789265982636148,0.000789265982636148,0.000789265982636148,0.000789265982636148,0.000789265982636148
DCDL-0017211,0.00149925037481259,0.00149925037481259,0.00149925037481259,0.0764617691154423,0.00149925037481259,0.00149925037481259,0.00149925037481259,0.00149925037481259,0.00149925037481259,0.00149925037481259,0.00149925037481259,0.00149925037481259,0.00149925037481259,0.52623688155922,0.00149925037481259,0.00149925037481259,0.376311844077961
DCDL-0017187,0.0501474926253687,0.000983284169124877,0.000983284169124877,0.000983284169124877,0.000983284169124877,0.000983284169124877,0.000983284169124877,0.000983284169124877,0.787610619469027,0.000983284169124877,0.000983284169124877,0.000983284169124877,0.000983284169124877,0.000983284169124877,0.000983284169124877,0.148475909537856,0.000983284169124877
DCDL-0017177,0.0017636684303351,0.619047619047619,0.0017636684303351,0.0017636684303351,0.0017636684303351,0.0017636684303351,0.0017636684303351,0.0017636684303351,0.0017636684303351,0.354497354497354,0.0017636684303351,0.0017636684303351,0.0017636684303351,0.0017636684303351,0.0017636684303351,0.0017636684303351,0.0017636684303351
DCDL-0017229,0.00109051254089422,0.00109051254089422,0.00109051254089422,0.00109051254089422,0.00109051254089422,0.00109051254089422,0.00109051254089422,0.00109051254089422,0.00109051254089422,0.00109051254089422,0.00109051254089422,0.382769901853871,0.00109051254089422,0.00109051254089422,0.600872410032715,0.00109051254089422,0.00109051254089422
DCDL-0017150,0.00239808153477218,0.00239808153477218,0.00239808153477218,0.00239808153477218,0.24220623501199,0.00239808153477218,0.00239808153477218,0.00239808153477218,0.122302158273381,0.00239808153477218,0.482014388489209,0.122302158273381,0.00239808153477218,0.00239808153477218,0.00239808153477218,0.00239808153477218,0.00239808153477218
DCDL-0017255,0.00130378096479791,0.00130378096479791,0.00130378096479791,0.979139504563233,0.00130378096479791,0.00130378096479791,0.00130378096479791,0.00130378096479791,0.00130378096479791,0.00130378096479791,0.00130378096479791,0.00130378096479791,0.00130378096479791,0.00130378096479791,0.00130378096479791,0.00130378096479791,0.00130378096479791
DCDL-0017263,0.000759301442672741,0.000759301442672741,0.228549734244495,0.000759301442672741,0.000759301442672741,0.0766894457099468,0.000759301442672741,0.000759301442672741,0.000759301442672741,0.380410022779043,0.000759301442672741,0.000759301442672741,0.000759301442672741,0.000759301442672741,0.000759301442672741,0.304479878511769,0.000759301442672741
DCDL-0015522,0.00315457413249211,0.476340694006309,0.00315457413249211,0.00315457413249211,0.00315457413249211,0.00315457413249211,0.00315457413249211,0.00315457413249211,0.00315457413249211,0.00315457413249211,0.00315457413249211,0.00315457413249211,0.00315457413249211,0.00315457413249211,0.00315457413249211,0.00315457413249211,0.476340694006309
DCDL-0016946,0.00193423597678917,0.388781431334623,0.00193423597678917,0.195357833655706,0.00193423597678917,0.00193423597678917,0.00193423597678917,0.00193423597678917,0.388781431334623,0.00193423597678917,0.00193423597678917,0.00193423597678917,0.00193423597678917,0.00193423597678917,0.00193423597678917,0.00193423597678917,0.00193423597678917
DCDL-0017277,0.247706422018349,0.000705716302046577,0.000705716302046577,0.000705716302046577,0.000705716302046577,0.000705716302046577,0.000705716302046577,0.000705716302046577,0.000705716302046577,0.000705716302046577,0.000705716302046577,0.635850388143966,0.106563161609033,0.000705716302046577,0.000705716302046577,0.000705716302046577,0.000705716302046577
DCDL-0017264,0.00115340253748558,0.00115340253748558,0.00115340253748558,0.34717416378316,0.00115340253748558,0.00115340253748558,0.00115340253748558,0.00115340253748558,0.00115340253748558,0.00115340253748558,0.00115340253748558,0.00115340253748558,0.00115340253748558,0.00115340253748558,0.00115340253748558,0.404844290657439,0.231833910034602
DCDL-0017242,0.000856898029134533,0.000856898029134533,0.000856898029134533,0.472150814053128,0.0865467009425878,0.000856898029134533,0.000856898029134533,0.000856898029134533,0.0865467009425878,0.343616109682948,0.000856898029134533,0.000856898029134533,0.000856898029134533,0.000856898029134533,0.000856898029134533,0.000856898029134533,0.000856898029134533
DCDL-0020261,0.00272479564032698,0.547683923705722,0.00272479564032698,0.00272479564032698,0.00272479564032698,0.00272479564032698,0.00272479564032698,0.00272479564032698,0.00272479564032698,0.00272479564032698,0.00272479564032698,0.00272479564032698,0.411444141689373,0.00272479564032698,0.00272479564032698,0.00272479564032698,0.00272479564032698
DCDL-0017292,0.131681877444589,0.00130378096479791,0.00130378096479791,0.00130378096479791,0.00130378096479791,0.00130378096479791,0.392438070404172,0.00130378096479791,0.00130378096479791,0.00130378096479791,0.00130378096479791,0.00130378096479791,0.00130378096479791,0.00130378096479791,0.00130378096479791,0.457627118644068,0.00130378096479791
DCDL-0017165,0.000937207122774133,0.000937207122774133,0.375820056232427,0.000937207122774133,0.000937207122774133,0.000937207122774133,0.000937207122774133,0.000937207122774133,0.000937207122774133,0.235238987816307,0.000937207122774133,0.000937207122774133,0.000937207122774133,0.000937207122774133,0.000937207122774133,0.000937207122774133,0.375820056232427
DCDL-0016259,0.00103412616339193,0.00103412616339193,0.00103412616339193,0.00103412616339193,0.00103412616339193,0.00103412616339193,0.00103412616339193,0.00103412616339193,0.207859358841779,0.00103412616339193,0.00103412616339193,0.00103412616339193,0.00103412616339193,0.569803516028956,0.00103412616339193,0.00103412616339193,0.207859358841779
DCDL-0017521,0.00214132762312634,0.00214132762312634,0.00214132762312634,0.00214132762312634,0.00214132762312634,0.00214132762312634,0.00214132762312634,0.965738758029979,0.00214132762312634,0.00214132762312634,0.00214132762312634,0.00214132762312634,0.00214132762312634,0.00214132762312634,0.00214132762312634,0.00214132762312634,0.00214132762312634
DCDL-0015726,0.58220502901354,0.0986460348162476,0.00193423597678917,0.00193423597678917,0.00193423597678917,0.00193423597678917,0.00193423597678917,0.292069632495164,0.00193423597678917,0.00193423597678917,0.00193423597678917,0.00193423597678917,0.00193423597678917,0.00193423597678917,0.00193423597678917,0.00193423597678917,0.00193423597678917
DCDL-0019836,0.000856898029134533,0.300771208226221,0.000856898029134533,0.300771208226221,0.000856898029134533,0.000856898029134533,0.000856898029134533,0.000856898029134533,0.000856898029134533,0.386461011139674,0.000856898029134533,0.000856898029134533,0.000856898029134533,0.000856898029134533,0.000856898029134533,0.000856898029134533,0.000856898029134533
DCDL-0019633,0.184822521419829,0.00122399020807834,0.246022031823745,0.00122399020807834,0.00122399020807834,0.00122399020807834,0.00122399020807834,0.00122399020807834,0.0624235006119951,0.246022031823745,0.00122399020807834,0.246022031823745,0.00122399020807834,0.00122399020807834,0.00122399020807834,0.00122399020807834,0.00122399020807834
DCDL-0018823,0.00115340253748558,0.00115340253748558,0.00115340253748558,0.00115340253748558,0.750865051903114,0.00115340253748558,0.00115340253748558,0.00115340253748558,0.00115340253748558,0.00115340253748558,0.00115340253748558,0.231833910034602,0.00115340253748558,0.00115340253748558,0.00115340253748558,0.00115340253748558,0.00115340253748558
DCDL-0018751,0.00374531835205993,0.00374531835205993,0.00374531835205993,0.00374531835205993,0.00374531835205993,0.00374531835205993,0.00374531835205993,0.00374531835205993,0.00374531835205993,0.00374531835205993,0.00374531835205993,0.191011235955056,0.752808988764045,0.00374531835205993,0.00374531835205993,0.00374531835205993,0.00374531835205993
DCDL-0019847,0.00130378096479791,0.392438070404172,0.00130378096479791,0.00130378096479791,0.00130378096479791,0.00130378096479791,0.00130378096479791,0.00130378096479791,0.00130378096479791,0.00130378096479791,0.00130378096479791,0.00130378096479791,0.00130378096479791,0.00130378096479791,0.588005215123859,0.00130378096479791,0.00130378096479791
DCDL-0017276,0.00115340253748558,0.00115340253748558,0.00115340253748558,0.00115340253748558,0.00115340253748558,0.00115340253748558,0.00115340253748558,0.00115340253748558,0.00115340253748558,0.00115340253748558,0.00115340253748558,0.00115340253748558,0.520184544405998,0.00115340253748558,0.462514417531719,0.00115340253748558,0.00115340253748558
DCDL-0017228,0.00374531835205993,0.00374531835205993,0.00374531835205993,0.565543071161049,0.378277153558052,0.00374531835205993,0.00374531835205993,0.00374531835205993,0.00374531835205993,0.00374531835205993,0.00374531835205993,0.00374531835205993,0.00374531835205993,0.00374531835205993,0.00374531835205993,0.00374531835205993,0.00374531835205993
DCDL-0017504,0.00139470013947001,0.210599721059972,0.00139470013947001,0.140864714086471,0.00139470013947001,0.00139470013947001,0.00139470013947001,0.00139470013947001,0.00139470013947001,0.00139470013947001,0.0711297071129707,0.00139470013947001,0.00139470013947001,0.00139470013947001,0.00139470013947001,0.00139470013947001,0.559274755927476
DCDL-0020304,0.00122399020807834,0.00122399020807834,0.00122399020807834,0.00122399020807834,0.00122399020807834,0.184822521419829,0.00122399020807834,0.368421052631579,0.00122399020807834,0.429620563035496,0.00122399020807834,0.00122399020807834,0.00122399020807834,0.00122399020807834,0.00122399020807834,0.00122399020807834,0.00122399020807834
DCDL-0018401,0.00162074554294976,0.974068071312804,0.00162074554294976,0.00162074554294976,0.00162074554294976,0.00162074554294976,0.00162074554294976,0.00162074554294976,0.00162074554294976,0.00162074554294976,0.00162074554294976,0.00162074554294976,0.00162074554294976,0.00162074554294976,0.00162074554294976,0.00162074554294976,0.00162074554294976
DCDL-0017304,0.000856898029134533,0.000856898029134533,0.000856898029134533,0.0437017994858612,0.643530419880034,0.000856898029134533,0.000856898029134533,0.172236503856041,0.000856898029134533,0.000856898029134533,0.000856898029134533,0.000856898029134533,0.000856898029134533,0.000856898029134533,0.000856898029134533,0.129391602399314,0.000856898029134533
DCDL-0018142,0.000821692686935086,0.000821692686935086,0.000821692686935086,0.000821692686935086,0.000821692686935086,0.000821692686935086,0.288414133114215,0.000821692686935086,0.452752670501233,0.000821692686935086,0.165160230073952,0.0829909613804437,0.000821692686935086,0.000821692686935086,0.000821692686935086,0.000821692686935086,0.000821692686935086
DCDL-0020021,0.000535618639528656,0.0540974825923942,0.000535618639528656,0.000535618639528656,0.000535618639528656,0.161221210498125,0.000535618639528656,0.000535618639528656,0.000535618639528656,0.000535618639528656,0.58971612212105,0.188002142474558,0.000535618639528656,0.000535618639528656,0.000535618639528656,0.000535618639528656,0.000535618639528656
DCDL-0017247,0.00214132762312634,0.00214132762312634,0.00214132762312634,0.00214132762312634,0.00214132762312634,0.00214132762312634,0.00214132762312634,0.00214132762312634,0.00214132762312634,0.00214132762312634,0.644539614561028,0.323340471092077,0.00214132762312634,0.00214132762312634,0.00214132762312634,0.00214132762312634,0.00214132762312634
DCDL-0018184,0.000618429189857761,0.000618429189857761,0.000618429189857761,0.000618429189857761,0.000618429189857761,0.12430426716141,0.0315398886827458,0.000618429189857761,0.000618429189857761,0.0315398886827458,0.247990105132962,0.000618429189857761,0.000618429189857761,0.000618429189857761,0.000618429189857761,0.557204700061843,0.000618429189857761
DCDL-0017338,0.0787689097548253,0.000521648408972353,0.000521648408972353,0.000521648408972353,0.000521648408972353,0.000521648408972353,0.261345852895149,0.000521648408972353,0.000521648408972353,0.000521648408972353,0.000521648408972353,0.000521648408972353,0.652582159624413,0.000521648408972353,0.000521648408972353,0.000521648408972353,0.000521648408972353
DCDL-0018584,0.000705716302046577,0.000705716302046577,0.000705716302046577,0.000705716302046577,0.141848976711362,0.000705716302046577,0.000705716302046577,0.000705716302046577,0.000705716302046577,0.0712773465067043,0.000705716302046577,0.000705716302046577,0.000705716302046577,0.353563867325335,0.424135497529993,0.000705716302046577,0.000705716302046577
DCDL-0015713,0.0556161395856052,0.00109051254089422,0.00109051254089422,0.00109051254089422,0.00109051254089422,0.00109051254089422,0.818974918211559,0.00109051254089422,0.00109051254089422,0.00109051254089422,0.00109051254089422,0.0556161395856052,0.00109051254089422,0.0556161395856052,0.00109051254089422,0.00109051254089422,0.00109051254089422
DCDL-0015519,0.00149925037481259,0.00149925037481259,0.00149925037481259,0.00149925037481259,0.151424287856072,0.00149925037481259,0.00149925037481259,0.00149925037481259,0.00149925037481259,0.826086956521739,0.00149925037481259,0.00149925037481259,0.00149925037481259,0.00149925037481259,0.00149925037481259,0.00149925037481259,0.00149925037481259
DCDL-0017904,0.0624235006119951,0.00122399020807834,0.00122399020807834,0.00122399020807834,0.00122399020807834,0.00122399020807834,0.00122399020807834,0.00122399020807834,0.00122399020807834,0.00122399020807834,0.246022031823745,0.00122399020807834,0.00122399020807834,0.674418604651163,0.00122399020807834,0.00122399020807834,0.00122399020807834
DCDL-0017953,0.000821692686935086,0.000821692686935086,0.000821692686935086,0.699260476581758,0.000821692686935086,0.0829909613804437,0.000821692686935086,0.000821692686935086,0.000821692686935086,0.000821692686935086,0.000821692686935086,0.206244864420707,0.000821692686935086,0.000821692686935086,0.000821692686935086,0.000821692686935086,0.000821692686935086
DCDL-0019870,0.00149925037481259,0.00149925037481259,0.00149925037481259,0.00149925037481259,0.00149925037481259,0.00149925037481259,0.00149925037481259,0.00149925037481259,0.00149925037481259,0.00149925037481259,0.00149925037481259,0.226386806596702,0.00149925037481259,0.151424287856072,0.52623688155922,0.0764617691154423,0.00149925037481259
DCDL-0019861,0.0017636684303351,0.0017636684303351,0.0017636684303351,0.619047619047619,0.0017636684303351,0.0017636684303351,0.0017636684303351,0.0017636684303351,0.0017636684303351,0.0017636684303351,0.0017636684303351,0.0017636684303351,0.0017636684303351,0.0017636684303351,0.354497354497354,0.0017636684303351,0.0017636684303351
DCDL-0017938,0.000535618639528656,0.000535618639528656,0.000535618639528656,0.000535618639528656,0.000535618639528656,0.000535618639528656,0.000535618639528656,0.000535618639528656,0.000535618639528656,0.000535618639528656,0.562935190144617,0.000535618639528656,0.134440278521693,0.188002142474558,0.000535618639528656,0.000535618639528656,0.10765934654526
DCDL-0015720,0.00109051254089422,0.00109051254089422,0.00109051254089422,0.00109051254089422,0.00109051254089422,0.00109051254089422,0.928026172300982,0.00109051254089422,0.00109051254089422,0.00109051254089422,0.00109051254089422,0.0556161395856052,0.00109051254089422,0.00109051254089422,0.00109051254089422,0.00109051254089422,0.00109051254089422
DCDL-0017889,0.0995385629531971,0.000659195781147001,0.000659195781147001,0.000659195781147001,0.000659195781147001,0.0995385629531971,0.000659195781147001,0.000659195781147001,0.000659195781147001,0.000659195781147001,0.528015820698748,0.000659195781147001,0.000659195781147001,0.000659195781147001,0.264337508239947,0.000659195781147001,0.000659195781147001
DCDL-0017306,0.000856898029134533,0.000856898029134533,0.000856898029134533,0.000856898029134533,0.686375321336761,0.000856898029134533,0.000856898029134533,0.000856898029134533,0.000856898029134533,0.000856898029134533,0.000856898029134533,0.000856898029134533,0.000856898029134533,0.000856898029134533,0.300771208226221,0.000856898029134533,0.000856898029134533
DCDL-0017511,0.00103412616339193,0.00103412616339193,0.00103412616339193,0.00103412616339193,0.00103412616339193,0.00103412616339193,0.00103412616339193,0.00103412616339193,0.00103412616339193,0.00103412616339193,0.00103412616339193,0.00103412616339193,0.00103412616339193,0.104446742502585,0.880041365046536,0.00103412616339193,0.00103412616339193
DCDL-0019825,0.00103412616339193,0.00103412616339193,0.00103412616339193,0.931747673216132,0.00103412616339193,0.00103412616339193,0.00103412616339193,0.00103412616339193,0.00103412616339193,0.00103412616339193,0.00103412616339193,0.00103412616339193,0.00103412616339193,0.00103412616339193,0.00103412616339193,0.0527404343329886,0.00103412616339193
DCDL-0018512,0.00103412616339193,0.311271975180972,0.00103412616339193,0.156153050672182,0.00103412616339193,0.00103412616339193,0.00103412616339193,0.00103412616339193,0.207859358841779,0.104446742502585,0.00103412616339193,0.00103412616339193,0.00103412616339193,0.00103412616339193,0.207859358841779,0.00103412616339193,0.00103412616339193
DCDL-0017287,0.0004510599909788,0.0004510599909788,0.0004510599909788,0.0004510599909788,0.428958051420839,0.0004510599909788,0.0004510599909788,0.0455570590888588,0.0004510599909788,0.0004510599909788,0.474064050518719,0.0004510599909788,0.0004510599909788,0.0004510599909788,0.0455570590888588,0.0004510599909788,0.0004510599909788
DCDL-0017773,0.000659195781147001,0.000659195781147001,0.000659195781147001,0.000659195781147001,0.000659195781147001,0.000659195781147001,0.000659195781147001,0.000659195781147001,0.000659195781147001,0.560975609756098,0.000659195781147001,0.363216875411997,0.000659195781147001,0.000659195781147001,0.0665787738958471,0.000659195781147001,0.000659195781147001
DCDL-0018335,0.000895255147717099,0.000895255147717099,0.000895255147717099,0.179946284691137,0.761862130707252,0.000895255147717099,0.000895255147717099,0.000895255147717099,0.000895255147717099,0.000895255147717099,0.000895255147717099,0.0456580125335721,0.000895255147717099,0.000895255147717099,0.000895255147717099,0.000895255147717099,0.000895255147717099
DCDL-0021212,0.00139470013947001,0.768479776847978,0.00139470013947001,0.00139470013947001,0.210599721059972,0.00139470013947001,0.00139470013947001,0.00139470013947001,0.00139470013947001,0.00139470013947001,0.00139470013947001,0.00139470013947001,0.00139470013947001,0.00139470013947001,0.00139470013947001,0.00139470013947001,0.00139470013947001
DCDL-0021526,0.327249022164276,0.00130378096479791,0.00130378096479791,0.0664928292046936,0.00130378096479791,0.00130378096479791,0.00130378096479791,0.00130378096479791,0.00130378096479791,0.00130378096479791,0.131681877444589,0.00130378096479791,0.131681877444589,0.00130378096479791,0.0664928292046936,0.262059973924381,0.00130378096479791
DCDL-0018444,0.0005824111822947,0.0879440885264997,0.175305765870705,0.117064647641235,0.0297029702970297,0.0297029702970297,0.0005824111822947,0.0005824111822947,0.524752475247525,0.0005824111822947,0.0005824111822947,0.0297029702970297,0.0005824111822947,0.0005824111822947,0.0005824111822947,0.0005824111822947,0.0005824111822947
DCDL-0021521,0.000759301442672741,0.000759301442672741,0.114654517843584,0.000759301442672741,0.456340167046317,0.000759301442672741,0.000759301442672741,0.228549734244495,0.190584662110858,0.000759301442672741,0.000759301442672741,0.000759301442672741,0.000759301442672741,0.000759301442672741,0.000759301442672741,0.000759301442672741,0.000759301442672741
DCDL-0017525,0.987371744277822,0.000789265982636148,0.000789265982636148,0.000789265982636148,0.000789265982636148,0.000789265982636148,0.000789265982636148,0.000789265982636148,0.000789265982636148,0.000789265982636148,0.000789265982636148,0.000789265982636148,0.000789265982636148,0.000789265982636148,0.000789265982636148,0.000789265982636148,0.000789265982636148
DCDL-0019981,0.00149925037481259,0.00149925037481259,0.00149925037481259,0.67616191904048,0.00149925037481259,0.00149925037481259,0.00149925037481259,0.301349325337331,0.00149925037481259,0.00149925037481259,0.00149925037481259,0.00149925037481259,0.00149925037481259,0.00149925037481259,0.00149925037481259,0.00149925037481259,0.00149925037481259
DCDL-0019328,0.226386806596702,0.00149925037481259,0.00149925037481259,0.00149925037481259,0.00149925037481259,0.00149925037481259,0.00149925037481259,0.301349325337331,0.00149925037481259,0.00149925037481259,0.00149925037481259,0.451274362818591,0.00149925037481259,0.00149925037481259,0.00149925037481259,0.00149925037481259,0.00149925037481259
DCDL-0017985,0.0766894457099468,0.000759301442672741,0.000759301442672741,0.000759301442672741,0.0387243735763098,0.000759301442672741,0.000759301442672741,0.266514806378132,0.000759301442672741,0.000759301442672741,0.000759301442672741,0.114654517843584,0.000759301442672741,0.000759301442672741,0.000759301442672741,0.494305239179954,0.000759301442672741
DCDL-0019967,0.00103412616339193,0.00103412616339193,0.00103412616339193,0.00103412616339193,0.00103412616339193,0.880041365046536,0.00103412616339193,0.00103412616339193,0.00103412616339193,0.00103412616339193,0.00103412616339193,0.00103412616339193,0.00103412616339193,0.00103412616339193,0.00103412616339193,0.00103412616339193,0.104446742502585
DCDL-0017437,0.720455908818236,0.000599880023995201,0.000599880023995201,0.000599880023995201,0.000599880023995201,0.000599880023995201,0.270545890821836,0.000599880023995201,0.000599880023995201,0.000599880023995201,0.000599880023995201,0.000599880023995201,0.000599880023995201,0.000599880023995201,0.000599880023995201,0.000599880023995201,0.000599880023995201
DCDL-0015558,0.00115340253748558,0.00115340253748558,0.00115340253748558,0.00115340253748558,0.00115340253748558,0.00115340253748558,0.981545559400231,0.00115340253748558,0.00115340253748558,0.00115340253748558,0.00115340253748558,0.00115340253748558,0.00115340253748558,0.00115340253748558,0.00115340253748558,0.00115340253748558,0.00115340253748558
DCDL-0019399,0.00122399020807834,0.00122399020807834,0.00122399020807834,0.0624235006119951,0.00122399020807834,0.00122399020807834,0.00122399020807834,0.00122399020807834,0.00122399020807834,0.00122399020807834,0.123623011015912,0.123623011015912,0.00122399020807834,0.674418604651163,0.00122399020807834,0.00122399020807834,0.00122399020807834
DCDL-0020016,0.00315457413249211,0.00315457413249211,0.00315457413249211,0.00315457413249211,0.00315457413249211,0.00315457413249211,0.00315457413249211,0.00315457413249211,0.00315457413249211,0.00315457413249211,0.00315457413249211,0.00315457413249211,0.00315457413249211,0.00315457413249211,0.949526813880126,0.00315457413249211,0.00315457413249211
DCDL-0015869,0.00162074554294976,0.00162074554294976,0.00162074554294976,0.00162074554294976,0.00162074554294976,0.00162074554294976,0.00162074554294976,0.00162074554294976,0.00162074554294976,0.163695299837925,0.00162074554294976,0.163695299837925,0.00162074554294976,0.00162074554294976,0.325769854132901,0.00162074554294976,0.325769854132901
DCDL-0017275,0.000983284169124877,0.000983284169124877,0.000983284169124877,0.148475909537856,0.000983284169124877,0.000983284169124877,0.000983284169124877,0.246804326450344,0.000983284169124877,0.000983284169124877,0.000983284169124877,0.295968534906588,0.000983284169124877,0.0993117010816126,0.1976401179941,0.000983284169124877,0.000983284169124877
