identifier,world_cup_rugby_damage_disaster_pike_river,newspaper_reading_march_people_news_headline_couple,people_buildings_heading_sign_refugees_called_residents,house_rebuild_home_people_building_eqc_nz,aftershocks_ring_people_moon_large_ken_continuing,rubble_city_liquefaction_boy_rebuild_asks_small,red_city_areas_black_flag_colours_green,insurance_south_year_island_company_representing_ami,portaloo_damage_portaloos_house_toilet_back_sewage,aftershocks_made_toilet_paper_great_state_bank,brownlee_gerry_recovery_key_cera_john_prime,john_key_government_prime_english_finance_bill,zone_red_business_land_homes_central_owners,council_city_marryatt_pay_tony_rise_chief,buildings_rubble_people_broken_damaged_cathedral_city,bob_parker_mayor_move_elections_anderton_body,people_version_city_mayor_council_government_parker
DCDL-0015511,0.00239808153477218,0.3621103117506,0.00239808153477218,0.00239808153477218,0.00239808153477218,0.00239808153477218,0.00239808153477218,0.00239808153477218,0.601918465227818,0.00239808153477218,0.00239808153477218,0.00239808153477218,0.00239808153477218,0.00239808153477218,0.00239808153477218,0.00239808153477218,0.00239808153477218
DCDL-0015512,0.00460829493087558,0.00460829493087558,0.465437788018433,0.00460829493087558,0.00460829493087558,0.00460829493087558,0.465437788018433,0.00460829493087558,0.00460829493087558,0.00460829493087558,0.00460829493087558,0.00460829493087558,0.00460829493087558,0.00460829493087558,0.00460829493087558,0.00460829493087558,0.00460829493087558
DCDL-0015513,0.000789265982636148,0.355958958168903,0.000789265982636148,0.000789265982636148,0.000789265982636148,0.000789265982636148,0.000789265982636148,0.000789265982636148,0.000789265982636148,0.000789265982636148,0.000789265982636148,0.000789265982636148,0.000789265982636148,0.000789265982636148,0.632202052091555,0.000789265982636148,0.000789265982636148
DCDL-0015518,0.00374531835205993,0.00374531835205993,0.00374531835205993,0.00374531835205993,0.00374531835205993,0.00374531835205993,0.00374531835205993,0.565543071161049,0.00374531835205993,0.00374531835205993,0.378277153558052,0.00374531835205993,0.00374531835205993,0.00374531835205993,0.00374531835205993,0.00374531835205993,0.00374531835205993
DCDL-0015519,0.00149925037481259,0.00149925037481259,0.00149925037481259,0.00149925037481259,0.00149925037481259,0.0764617691154423,0.00149925037481259,0.67616191904048,0.00149925037481259,0.00149925037481259,0.00149925037481259,0.00149925037481259,0.226386806596702,0.00149925037481259,0.00149925037481259,0.00149925037481259,0.00149925037481259
DCDL-0015522,0.00315457413249211,0.00315457413249211,0.00315457413249211,0.00315457413249211,0.00315457413249211,0.318611987381703,0.00315457413249211,0.00315457413249211,0.00315457413249211,0.00315457413249211,0.00315457413249211,0.160883280757098,0.00315457413249211,0.00315457413249211,0.476340694006309,0.00315457413249211,0.00315457413249211
DCDL-0015528,0.08994708994709,0.0017636684303351,0.0017636684303351,0.0017636684303351,0.0017636684303351,0.0017636684303351,0.0017636684303351,0.0017636684303351,0.0017636684303351,0.0017636684303351,0.0017636684303351,0.442680776014109,0.0017636684303351,0.0017636684303351,0.0017636684303351,0.0017636684303351,0.442680776014109
DCDL-0015530,0.000681663258350375,0.2733469665985,0.000681663258350375,0.000681663258350375,0.000681663258350375,0.000681663258350375,0.000681663258350375,0.000681663258350375,0.137014314928425,0.000681663258350375,0.000681663258350375,0.477845944103613,0.000681663258350375,0.000681663258350375,0.000681663258350375,0.000681663258350375,0.102931152010907
DCDL-0015533,0.000856898029134533,0.000856898029134533,0.000856898029134533,0.000856898029134533,0.000856898029134533,0.000856898029134533,0.000856898029134533,0.000856898029134533,0.172236503856041,0.000856898029134533,0.000856898029134533,0.0437017994858612,0.000856898029134533,0.000856898029134533,0.429305912596401,0.343616109682948,0.000856898029134533
DCDL-0015539,0.00239808153477218,0.00239808153477218,0.00239808153477218,0.00239808153477218,0.00239808153477218,0.00239808153477218,0.00239808153477218,0.00239808153477218,0.00239808153477218,0.00239808153477218,0.00239808153477218,0.00239808153477218,0.24220623501199,0.00239808153477218,0.721822541966427,0.00239808153477218,0.00239808153477218
DCDL-0015541,0.231833910034602,0.00115340253748558,0.00115340253748558,0.00115340253748558,0.0588235294117647,0.00115340253748558,0.00115340253748558,0.635524798154556,0.0588235294117647,0.00115340253748558,0.00115340253748558,0.00115340253748558,0.00115340253748558,0.00115340253748558,0.00115340253748558,0.00115340253748558,0.00115340253748558
DCDL-0015552,0.00272479564032698,0.00272479564032698,0.00272479564032698,0.00272479564032698,0.138964577656676,0.00272479564032698,0.00272479564032698,0.00272479564032698,0.00272479564032698,0.00272479564032698,0.00272479564032698,0.82016348773842,0.00272479564032698,0.00272479564032698,0.00272479564032698,0.00272479564032698,0.00272479564032698
DCDL-0015558,0.00115340253748558,0.00115340253748558,0.00115340253748558,0.00115340253748558,0.00115340253748558,0.00115340253748558,0.00115340253748558,0.00115340253748558,0.00115340253748558,0.00115340253748558,0.00115340253748558,0.00115340253748558,0.00115340253748558,0.0588235294117647,0.00115340253748558,0.923875432525952,0.00115340253748558
DCDL-0015561,0.259565667011375,0.00103412616339193,0.00103412616339193,0.466390899689762,0.104446742502585,0.00103412616339193,0.156153050672182,0.00103412616339193,0.00103412616339193,0.00103412616339193,0.00103412616339193,0.00103412616339193,0.00103412616339193,0.00103412616339193,0.00103412616339193,0.00103412616339193,0.00103412616339193
DCDL-0015562,0.000759301442672741,0.000759301442672741,0.114654517843584,0.000759301442672741,0.000759301442672741,0.000759301442672741,0.000759301442672741,0.000759301442672741,0.000759301442672741,0.000759301442672741,0.000759301442672741,0.000759301442672741,0.000759301442672741,0.000759301442672741,0.000759301442672741,0.873955960516325,0.000759301442672741
DCDL-0015572,0.000508388408744281,0.000508388408744281,0.000508388408744281,0.000508388408744281,0.000508388408744281,0.000508388408744281,0.000508388408744281,0.559735638027453,0.000508388408744281,0.000508388408744281,0.000508388408744281,0.432638535841383,0.000508388408744281,0.000508388408744281,0.000508388408744281,0.000508388408744281,0.000508388408744281
DCDL-0015573,0.000508388408744281,0.000508388408744281,0.000508388408744281,0.000508388408744281,0.000508388408744281,0.000508388408744281,0.000508388408744281,0.280122013218099,0.000508388408744281,0.000508388408744281,0.000508388408744281,0.686832740213523,0.000508388408744281,0.000508388408744281,0.000508388408744281,0.0259278088459583,0.000508388408744281
DCDL-0015605,0.000895255147717099,0.000895255147717099,0.000895255147717099,0.000895255147717099,0.000895255147717099,0.000895255147717099,0.090420769919427,0.761862130707252,0.000895255147717099,0.000895255147717099,0.000895255147717099,0.000895255147717099,0.000895255147717099,0.135183527305282,0.000895255147717099,0.000895255147717099,0.000895255147717099
DCDL-0015607,0.000983284169124877,0.000983284169124877,0.148475909537856,0.246804326450344,0.148475909537856,0.000983284169124877,0.0993117010816126,0.148475909537856,0.000983284169124877,0.000983284169124877,0.000983284169124877,0.000983284169124877,0.000983284169124877,0.000983284169124877,0.000983284169124877,0.1976401179941,0.000983284169124877
DCDL-0015611,0.00193423597678917,0.00193423597678917,0.00193423597678917,0.00193423597678917,0.775628626692456,0.00193423597678917,0.00193423597678917,0.00193423597678917,0.195357833655706,0.00193423597678917,0.00193423597678917,0.00193423597678917,0.00193423597678917,0.00193423597678917,0.00193423597678917,0.00193423597678917,0.00193423597678917
DCDL-0015616,0.00239808153477218,0.00239808153477218,0.00239808153477218,0.00239808153477218,0.00239808153477218,0.00239808153477218,0.00239808153477218,0.00239808153477218,0.00239808153477218,0.601918465227818,0.00239808153477218,0.00239808153477218,0.00239808153477218,0.00239808153477218,0.3621103117506,0.00239808153477218,0.00239808153477218
DCDL-0015626,0.000856898029134533,0.000856898029134533,0.000856898029134533,0.000856898029134533,0.000856898029134533,0.600685518423308,0.000856898029134533,0.129391602399314,0.129391602399314,0.000856898029134533,0.000856898029134533,0.000856898029134533,0.000856898029134533,0.000856898029134533,0.000856898029134533,0.129391602399314,0.000856898029134533
DCDL-0015627,0.00272479564032698,0.547683923705722,0.00272479564032698,0.00272479564032698,0.275204359673025,0.00272479564032698,0.00272479564032698,0.00272479564032698,0.00272479564032698,0.00272479564032698,0.00272479564032698,0.138964577656676,0.00272479564032698,0.00272479564032698,0.00272479564032698,0.00272479564032698,0.00272479564032698
DCDL-0015640,0.00149925037481259,0.00149925037481259,0.00149925037481259,0.00149925037481259,0.00149925037481259,0.00149925037481259,0.0764617691154423,0.00149925037481259,0.00149925037481259,0.151424287856072,0.00149925037481259,0.00149925037481259,0.00149925037481259,0.00149925037481259,0.00149925037481259,0.751124437781109,0.00149925037481259
DCDL-0015642,0.00109051254089422,0.00109051254089422,0.00109051254089422,0.00109051254089422,0.764449291166848,0.00109051254089422,0.00109051254089422,0.00109051254089422,0.00109051254089422,0.00109051254089422,0.00109051254089422,0.00109051254089422,0.00109051254089422,0.00109051254089422,0.0556161395856052,0.164667393675027,0.00109051254089422
DCDL-0015644,0.00122399020807834,0.00122399020807834,0.00122399020807834,0.00122399020807834,0.184822521419829,0.307221542227662,0.00122399020807834,0.184822521419829,0.00122399020807834,0.00122399020807834,0.00122399020807834,0.307221542227662,0.00122399020807834,0.00122399020807834,0.00122399020807834,0.00122399020807834,0.00122399020807834
DCDL-0015664,0.00139470013947001,0.00139470013947001,0.00139470013947001,0.00139470013947001,0.00139470013947001,0.00139470013947001,0.00139470013947001,0.768479776847978,0.00139470013947001,0.00139470013947001,0.00139470013947001,0.00139470013947001,0.00139470013947001,0.210599721059972,0.00139470013947001,0.00139470013947001,0.00139470013947001
DCDL-0015674,0.00162074554294976,0.00162074554294976,0.00162074554294976,0.163695299837925,0.00162074554294976,0.00162074554294976,0.00162074554294976,0.00162074554294976,0.487844408427877,0.00162074554294976,0.00162074554294976,0.00162074554294976,0.00162074554294976,0.325769854132901,0.00162074554294976,0.00162074554294976,0.00162074554294976
DCDL-0015710,0.00149925037481259,0.00149925037481259,0.00149925037481259,0.60119940029985,0.00149925037481259,0.00149925037481259,0.00149925037481259,0.376311844077961,0.00149925037481259,0.00149925037481259,0.00149925037481259,0.00149925037481259,0.00149925037481259,0.00149925037481259,0.00149925037481259,0.00149925037481259,0.00149925037481259
DCDL-0015713,0.00109051254089422,0.00109051254089422,0.00109051254089422,0.00109051254089422,0.00109051254089422,0.00109051254089422,0.00109051254089422,0.00109051254089422,0.00109051254089422,0.00109051254089422,0.00109051254089422,0.00109051254089422,0.00109051254089422,0.164667393675027,0.00109051254089422,0.818974918211559,0.00109051254089422
DCDL-0015720,0.00109051254089422,0.0556161395856052,0.00109051254089422,0.00109051254089422,0.00109051254089422,0.0556161395856052,0.00109051254089422,0.00109051254089422,0.00109051254089422,0.00109051254089422,0.00109051254089422,0.00109051254089422,0.00109051254089422,0.00109051254089422,0.00109051254089422,0.87350054525627,0.00109051254089422
DCDL-0015726,0.00193423597678917,0.00193423597678917,0.00193423597678917,0.00193423597678917,0.00193423597678917,0.00193423597678917,0.00193423597678917,0.00193423597678917,0.00193423597678917,0.00193423597678917,0.195357833655706,0.678916827852998,0.00193423597678917,0.00193423597678917,0.0986460348162476,0.00193423597678917,0.00193423597678917
DCDL-0015734,0.00109051254089422,0.00109051254089422,0.00109051254089422,0.00109051254089422,0.00109051254089422,0.00109051254089422,0.00109051254089422,0.00109051254089422,0.982551799345692,0.00109051254089422,0.00109051254089422,0.00109051254089422,0.00109051254089422,0.00109051254089422,0.00109051254089422,0.00109051254089422,0.00109051254089422
DCDL-0015735,0.00122399020807834,0.00122399020807834,0.0624235006119951,0.00122399020807834,0.00122399020807834,0.00122399020807834,0.00122399020807834,0.00122399020807834,0.858017135862913,0.00122399020807834,0.00122399020807834,0.00122399020807834,0.00122399020807834,0.00122399020807834,0.0624235006119951,0.00122399020807834,0.00122399020807834
DCDL-0015760,0.000705716302046577,0.0712773465067043,0.000705716302046577,0.000705716302046577,0.000705716302046577,0.21242060691602,0.000705716302046577,0.52999294283698,0.000705716302046577,0.000705716302046577,0.177134791813691,0.000705716302046577,0.000705716302046577,0.000705716302046577,0.000705716302046577,0.000705716302046577,0.000705716302046577
DCDL-0015784,0.325769854132901,0.00162074554294976,0.00162074554294976,0.00162074554294976,0.00162074554294976,0.00162074554294976,0.00162074554294976,0.00162074554294976,0.163695299837925,0.00162074554294976,0.00162074554294976,0.00162074554294976,0.00162074554294976,0.00162074554294976,0.487844408427877,0.00162074554294976,0.00162074554294976
DCDL-0015839,0.00272479564032698,0.00272479564032698,0.00272479564032698,0.00272479564032698,0.547683923705722,0.00272479564032698,0.00272479564032698,0.00272479564032698,0.00272479564032698,0.00272479564032698,0.00272479564032698,0.00272479564032698,0.00272479564032698,0.00272479564032698,0.411444141689373,0.00272479564032698,0.00272479564032698
DCDL-0015856,0.0017636684303351,0.0017636684303351,0.0017636684303351,0.08994708994709,0.354497354497354,0.0017636684303351,0.0017636684303351,0.0017636684303351,0.0017636684303351,0.0017636684303351,0.0017636684303351,0.0017636684303351,0.2663139329806,0.0017636684303351,0.2663139329806,0.0017636684303351,0.0017636684303351
DCDL-0015869,0.00162074554294976,0.00162074554294976,0.00162074554294976,0.244732576985413,0.163695299837925,0.00162074554294976,0.00162074554294976,0.325769854132901,0.00162074554294976,0.244732576985413,0.00162074554294976,0.00162074554294976,0.00162074554294976,0.00162074554294976,0.00162074554294976,0.00162074554294976,0.00162074554294976
DCDL-0015892,0.0946579194001874,0.000937207122774133,0.000937207122774133,0.188378631677601,0.282099343955014,0.328959700093721,0.000937207122774133,0.000937207122774133,0.000937207122774133,0.000937207122774133,0.000937207122774133,0.000937207122774133,0.000937207122774133,0.000937207122774133,0.000937207122774133,0.000937207122774133,0.0946579194001874
DCDL-0015912,0.00162074554294976,0.00162074554294976,0.00162074554294976,0.00162074554294976,0.00162074554294976,0.163695299837925,0.0826580226904376,0.00162074554294976,0.00162074554294976,0.00162074554294976,0.00162074554294976,0.487844408427877,0.00162074554294976,0.244732576985413,0.00162074554294976,0.00162074554294976,0.00162074554294976
DCDL-0016039,0.000731528895391368,0.476225310899781,0.000731528895391368,0.000731528895391368,0.000731528895391368,0.000731528895391368,0.000731528895391368,0.000731528895391368,0.183613752743233,0.000731528895391368,0.000731528895391368,0.000731528895391368,0.000731528895391368,0.329919531821507,0.000731528895391368,0.000731528895391368,0.000731528895391368
DCDL-0016121,0.2663139329806,0.0017636684303351,0.0017636684303351,0.0017636684303351,0.530864197530864,0.0017636684303351,0.08994708994709,0.0017636684303351,0.0017636684303351,0.0017636684303351,0.0017636684303351,0.0017636684303351,0.0017636684303351,0.0017636684303351,0.0017636684303351,0.0017636684303351,0.08994708994709
DCDL-0016143,0.289504036908881,0.289504036908881,0.00115340253748558,0.00115340253748558,0.00115340253748558,0.00115340253748558,0.00115340253748558,0.404844290657439,0.00115340253748558,0.00115340253748558,0.00115340253748558,0.00115340253748558,0.00115340253748558,0.00115340253748558,0.00115340253748558,0.00115340253748558,0.00115340253748558
DCDL-0016218,0.00109051254089422,0.00109051254089422,0.00109051254089422,0.00109051254089422,0.00109051254089422,0.00109051254089422,0.00109051254089422,0.00109051254089422,0.32824427480916,0.00109051254089422,0.00109051254089422,0.00109051254089422,0.110141766630316,0.546346782988004,0.00109051254089422,0.00109051254089422,0.00109051254089422
DCDL-0016249,0.530864197530864,0.0017636684303351,0.0017636684303351,0.0017636684303351,0.0017636684303351,0.0017636684303351,0.0017636684303351,0.354497354497354,0.0017636684303351,0.0017636684303351,0.0017636684303351,0.0017636684303351,0.0017636684303351,0.0017636684303351,0.0017636684303351,0.08994708994709,0.0017636684303351
DCDL-0016259,0.00103412616339193,0.00103412616339193,0.00103412616339193,0.259565667011375,0.00103412616339193,0.00103412616339193,0.00103412616339193,0.518097207859359,0.00103412616339193,0.00103412616339193,0.00103412616339193,0.00103412616339193,0.00103412616339193,0.156153050672182,0.00103412616339193,0.00103412616339193,0.0527404343329886
DCDL-0016310,0.000983284169124877,0.000983284169124877,0.000983284169124877,0.000983284169124877,0.000983284169124877,0.000983284169124877,0.000983284169124877,0.000983284169124877,0.000983284169124877,0.394296951819076,0.000983284169124877,0.000983284169124877,0.000983284169124877,0.590953785644051,0.000983284169124877,0.000983284169124877,0.000983284169124877
DCDL-0016337,0.00103412616339193,0.207859358841779,0.00103412616339193,0.156153050672182,0.00103412616339193,0.00103412616339193,0.00103412616339193,0.414684591520165,0.104446742502585,0.0527404343329886,0.00103412616339193,0.00103412616339193,0.0527404343329886,0.00103412616339193,0.00103412616339193,0.00103412616339193,0.00103412616339193
DCDL-0016804,0.00460829493087558,0.00460829493087558,0.00460829493087558,0.00460829493087558,0.695852534562212,0.00460829493087558,0.00460829493087558,0.00460829493087558,0.00460829493087558,0.00460829493087558,0.00460829493087558,0.00460829493087558,0.00460829493087558,0.00460829493087558,0.00460829493087558,0.235023041474654,0.00460829493087558
DCDL-0016946,0.00193423597678917,0.00193423597678917,0.00193423597678917,0.00193423597678917,0.58220502901354,0.00193423597678917,0.00193423597678917,0.00193423597678917,0.00193423597678917,0.00193423597678917,0.292069632495164,0.00193423597678917,0.00193423597678917,0.00193423597678917,0.00193423597678917,0.00193423597678917,0.0986460348162476
DCDL-0017142,0.00115340253748558,0.00115340253748558,0.289504036908881,0.00115340253748558,0.00115340253748558,0.00115340253748558,0.404844290657439,0.00115340253748558,0.00115340253748558,0.289504036908881,0.00115340253748558,0.00115340253748558,0.00115340253748558,0.00115340253748558,0.00115340253748558,0.00115340253748558,0.00115340253748558
DCDL-0017148,0.210599721059972,0.00139470013947001,0.00139470013947001,0.629009762900976,0.00139470013947001,0.00139470013947001,0.00139470013947001,0.140864714086471,0.00139470013947001,0.00139470013947001,0.00139470013947001,0.00139470013947001,0.00139470013947001,0.00139470013947001,0.00139470013947001,0.00139470013947001,0.00139470013947001
DCDL-0017150,0.122302158273381,0.00239808153477218,0.00239808153477218,0.00239808153477218,0.00239808153477218,0.00239808153477218,0.841726618705036,0.00239808153477218,0.00239808153477218,0.00239808153477218,0.00239808153477218,0.00239808153477218,0.00239808153477218,0.00239808153477218,0.00239808153477218,0.00239808153477218,0.00239808153477218
DCDL-0017151,0.00193423597678917,0.00193423597678917,0.00193423597678917,0.388781431334623,0.00193423597678917,0.00193423597678917,0.00193423597678917,0.00193423597678917,0.00193423597678917,0.195357833655706,0.00193423597678917,0.00193423597678917,0.00193423597678917,0.00193423597678917,0.00193423597678917,0.00193423597678917,0.388781431334623
DCDL-0017152,0.00272479564032698,0.683923705722071,0.00272479564032698,0.00272479564032698,0.00272479564032698,0.00272479564032698,0.00272479564032698,0.00272479564032698,0.00272479564032698,0.00272479564032698,0.00272479564032698,0.00272479564032698,0.00272479564032698,0.00272479564032698,0.275204359673025,0.00272479564032698,0.00272479564032698
DCDL-0017156,0.00315457413249211,0.00315457413249211,0.00315457413249211,0.00315457413249211,0.949526813880126,0.00315457413249211,0.00315457413249211,0.00315457413249211,0.00315457413249211,0.00315457413249211,0.00315457413249211,0.00315457413249211,0.00315457413249211,0.00315457413249211,0.00315457413249211,0.00315457413249211,0.00315457413249211
DCDL-0017157,0.00272479564032698,0.683923705722071,0.00272479564032698,0.00272479564032698,0.00272479564032698,0.00272479564032698,0.00272479564032698,0.00272479564032698,0.00272479564032698,0.00272479564032698,0.00272479564032698,0.00272479564032698,0.00272479564032698,0.00272479564032698,0.00272479564032698,0.00272479564032698,0.275204359673025
DCDL-0017159,0.000789265982636148,0.000789265982636148,0.000789265982636148,0.000789265982636148,0.000789265982636148,0.000789265982636148,0.000789265982636148,0.119179163378058,0.000789265982636148,0.000789265982636148,0.000789265982636148,0.000789265982636148,0.000789265982636148,0.000789265982636148,0.513812154696133,0.000789265982636148,0.355958958168903
DCDL-0017160,0.00130378096479791,0.00130378096479791,0.00130378096479791,0.00130378096479791,0.00130378096479791,0.00130378096479791,0.00130378096479791,0.00130378096479791,0.00130378096479791,0.327249022164276,0.00130378096479791,0.262059973924381,0.00130378096479791,0.00130378096479791,0.392438070404172,0.00130378096479791,0.00130378096479791
DCDL-0017162,0.000618429189857761,0.526283240568955,0.000618429189857761,0.000618429189857761,0.000618429189857761,0.000618429189857761,0.0315398886827458,0.0315398886827458,0.000618429189857761,0.340754483611626,0.000618429189857761,0.000618429189857761,0.000618429189857761,0.000618429189857761,0.000618429189857761,0.000618429189857761,0.0624613481756339
DCDL-0017163,0.226386806596702,0.00149925037481259,0.00149925037481259,0.0764617691154423,0.00149925037481259,0.00149925037481259,0.00149925037481259,0.00149925037481259,0.00149925037481259,0.00149925037481259,0.00149925037481259,0.00149925037481259,0.00149925037481259,0.00149925037481259,0.67616191904048,0.00149925037481259,0.00149925037481259
DCDL-0017164,0.00598802395209581,0.00598802395209581,0.00598802395209581,0.00598802395209581,0.00598802395209581,0.00598802395209581,0.00598802395209581,0.00598802395209581,0.904191616766467,0.00598802395209581,0.00598802395209581,0.00598802395209581,0.00598802395209581,0.00598802395209581,0.00598802395209581,0.00598802395209581,0.00598802395209581
DCDL-0017165,0.328959700093721,0.000937207122774133,0.000937207122774133,0.000937207122774133,0.000937207122774133,0.000937207122774133,0.000937207122774133,0.656982193064667,0.000937207122774133,0.000937207122774133,0.000937207122774133,0.000937207122774133,0.000937207122774133,0.000937207122774133,0.000937207122774133,0.000937207122774133,0.000937207122774133
DCDL-0017166,0.73561811505508,0.00122399020807834,0.184822521419829,0.00122399020807834,0.00122399020807834,0.00122399020807834,0.00122399020807834,0.00122399020807834,0.00122399020807834,0.00122399020807834,0.00122399020807834,0.00122399020807834,0.00122399020807834,0.00122399020807834,0.00122399020807834,0.0624235006119951,0.00122399020807834
DCDL-0017168,0.174163783160323,0.00115340253748558,0.34717416378316,0.00115340253748558,0.00115340253748558,0.00115340253748558,0.116493656286044,0.00115340253748558,0.00115340253748558,0.00115340253748558,0.00115340253748558,0.00115340253748558,0.00115340253748558,0.00115340253748558,0.34717416378316,0.00115340253748558,0.00115340253748558
DCDL-0017169,0.00149925037481259,0.451274362818591,0.52623688155922,0.00149925037481259,0.00149925037481259,0.00149925037481259,0.00149925037481259,0.00149925037481259,0.00149925037481259,0.00149925037481259,0.00149925037481259,0.00149925037481259,0.00149925037481259,0.00149925037481259,0.00149925037481259,0.00149925037481259,0.00149925037481259
DCDL-0017170,0.487844408427877,0.00162074554294976,0.00162074554294976,0.00162074554294976,0.00162074554294976,0.00162074554294976,0.00162074554294976,0.163695299837925,0.00162074554294976,0.00162074554294976,0.00162074554294976,0.325769854132901,0.00162074554294976,0.00162074554294976,0.00162074554294976,0.00162074554294976,0.00162074554294976
DCDL-0017173,0.00139470013947001,0.210599721059972,0.00139470013947001,0.00139470013947001,0.00139470013947001,0.00139470013947001,0.00139470013947001,0.00139470013947001,0.00139470013947001,0.00139470013947001,0.140864714086471,0.00139470013947001,0.00139470013947001,0.00139470013947001,0.629009762900976,0.00139470013947001,0.00139470013947001
DCDL-0017174,0.00239808153477218,0.00239808153477218,0.00239808153477218,0.00239808153477218,0.00239808153477218,0.00239808153477218,0.00239808153477218,0.00239808153477218,0.00239808153477218,0.3621103117506,0.00239808153477218,0.00239808153477218,0.00239808153477218,0.00239808153477218,0.601918465227818,0.00239808153477218,0.00239808153477218
DCDL-0017177,0.0017636684303351,0.0017636684303351,0.0017636684303351,0.0017636684303351,0.0017636684303351,0.0017636684303351,0.530864197530864,0.0017636684303351,0.0017636684303351,0.0017636684303351,0.0017636684303351,0.0017636684303351,0.0017636684303351,0.0017636684303351,0.0017636684303351,0.0017636684303351,0.442680776014109
DCDL-0017178,0.00162074554294976,0.00162074554294976,0.00162074554294976,0.00162074554294976,0.00162074554294976,0.00162074554294976,0.00162074554294976,0.00162074554294976,0.00162074554294976,0.00162074554294976,0.00162074554294976,0.00162074554294976,0.406807131280389,0.00162074554294976,0.568881685575365,0.00162074554294976,0.00162074554294976
DCDL-0017179,0.00162074554294976,0.00162074554294976,0.00162074554294976,0.00162074554294976,0.00162074554294976,0.00162074554294976,0.00162074554294976,0.00162074554294976,0.00162074554294976,0.00162074554294976,0.00162074554294976,0.00162074554294976,0.00162074554294976,0.00162074554294976,0.00162074554294976,0.974068071312804,0.00162074554294976
DCDL-0017181,0.00139470013947001,0.00139470013947001,0.00139470013947001,0.00139470013947001,0.00139470013947001,0.00139470013947001,0.0711297071129707,0.00139470013947001,0.559274755927476,0.00139470013947001,0.00139470013947001,0.00139470013947001,0.00139470013947001,0.350069735006973,0.00139470013947001,0.00139470013947001,0.00139470013947001
DCDL-0017185,0.00139470013947001,0.280334728033473,0.00139470013947001,0.00139470013947001,0.00139470013947001,0.00139470013947001,0.00139470013947001,0.00139470013947001,0.00139470013947001,0.00139470013947001,0.00139470013947001,0.280334728033473,0.00139470013947001,0.00139470013947001,0.419804741980474,0.00139470013947001,0.00139470013947001
DCDL-0017187,0.0501474926253687,0.935103244837758,0.000983284169124877,0.000983284169124877,0.000983284169124877,0.000983284169124877,0.000983284169124877,0.000983284169124877,0.000983284169124877,0.000983284169124877,0.000983284169124877,0.000983284169124877,0.000983284169124877,0.000983284169124877,0.000983284169124877,0.000983284169124877,0.000983284169124877
DCDL-0017200,0.00193423597678917,0.00193423597678917,0.00193423597678917,0.00193423597678917,0.00193423597678917,0.00193423597678917,0.00193423597678917,0.00193423597678917,0.00193423597678917,0.00193423597678917,0.00193423597678917,0.00193423597678917,0.00193423597678917,0.0986460348162476,0.872340425531915,0.00193423597678917,0.00193423597678917
DCDL-0017203,0.000937207122774133,0.516401124648547,0.000937207122774133,0.000937207122774133,0.000937207122774133,0.000937207122774133,0.000937207122774133,0.000937207122774133,0.0477975632614808,0.000937207122774133,0.000937207122774133,0.000937207122774133,0.000937207122774133,0.328959700093721,0.0946579194001874,0.000937207122774133,0.000937207122774133
DCDL-0017204,0.00272479564032698,0.00272479564032698,0.00272479564032698,0.00272479564032698,0.00272479564032698,0.00272479564032698,0.00272479564032698,0.00272479564032698,0.00272479564032698,0.00272479564032698,0.00272479564032698,0.00272479564032698,0.00272479564032698,0.00272479564032698,0.956403269754768,0.00272479564032698,0.00272479564032698
DCDL-0017205,0.00115340253748558,0.577854671280277,0.00115340253748558,0.00115340253748558,0.0588235294117647,0.00115340253748558,0.00115340253748558,0.00115340253748558,0.00115340253748558,0.00115340253748558,0.00115340253748558,0.00115340253748558,0.00115340253748558,0.116493656286044,0.231833910034602,0.00115340253748558,0.00115340253748558
DCDL-0017206,0.00109051254089422,0.219193020719738,0.00109051254089422,0.00109051254089422,0.00109051254089422,0.110141766630316,0.00109051254089422,0.00109051254089422,0.00109051254089422,0.219193020719738,0.00109051254089422,0.437295528898582,0.00109051254089422,0.00109051254089422,0.00109051254089422,0.00109051254089422,0.00109051254089422
DCDL-0017207,0.00103412616339193,0.00103412616339193,0.00103412616339193,0.00103412616339193,0.00103412616339193,0.00103412616339193,0.00103412616339193,0.00103412616339193,0.207859358841779,0.00103412616339193,0.00103412616339193,0.00103412616339193,0.00103412616339193,0.00103412616339193,0.776628748707342,0.00103412616339193,0.00103412616339193
DCDL-0017208,0.000821692686935086,0.000821692686935086,0.000821692686935086,0.000821692686935086,0.000821692686935086,0.000821692686935086,0.000821692686935086,0.000821692686935086,0.000821692686935086,0.000821692686935086,0.000821692686935086,0.0419063270336894,0.288414133114215,0.61709120788825,0.000821692686935086,0.000821692686935086,0.0419063270336894
DCDL-0017209,0.000759301442672741,0.000759301442672741,0.000759301442672741,0.000759301442672741,0.000759301442672741,0.000759301442672741,0.000759301442672741,0.000759301442672741,0.000759301442672741,0.000759301442672741,0.000759301442672741,0.000759301442672741,0.000759301442672741,0.000759301442672741,0.987851176917236,0.000759301442672741,0.000759301442672741
DCDL-0017210,0.00130378096479791,0.00130378096479791,0.00130378096479791,0.00130378096479791,0.00130378096479791,0.783572359843546,0.0664928292046936,0.131681877444589,0.00130378096479791,0.00130378096479791,0.00130378096479791,0.00130378096479791,0.00130378096479791,0.00130378096479791,0.00130378096479791,0.00130378096479791,0.00130378096479791
DCDL-0017211,0.00149925037481259,0.00149925037481259,0.901049475262369,0.0764617691154423,0.00149925037481259,0.00149925037481259,0.00149925037481259,0.00149925037481259,0.00149925037481259,0.00149925037481259,0.00149925037481259,0.00149925037481259,0.00149925037481259,0.00149925037481259,0.00149925037481259,0.00149925037481259,0.00149925037481259
DCDL-0017215,0.00239808153477218,0.00239808153477218,0.00239808153477218,0.00239808153477218,0.00239808153477218,0.00239808153477218,0.00239808153477218,0.00239808153477218,0.00239808153477218,0.00239808153477218,0.00239808153477218,0.00239808153477218,0.00239808153477218,0.00239808153477218,0.00239808153477218,0.00239808153477218,0.961630695443645
DCDL-0017216,0.00193423597678917,0.00193423597678917,0.00193423597678917,0.00193423597678917,0.00193423597678917,0.00193423597678917,0.292069632495164,0.00193423597678917,0.00193423597678917,0.00193423597678917,0.00193423597678917,0.00193423597678917,0.00193423597678917,0.00193423597678917,0.678916827852998,0.00193423597678917,0.00193423597678917
DCDL-0017217,0.00149925037481259,0.00149925037481259,0.00149925037481259,0.00149925037481259,0.00149925037481259,0.00149925037481259,0.00149925037481259,0.00149925037481259,0.00149925037481259,0.00149925037481259,0.00149925037481259,0.00149925037481259,0.00149925037481259,0.00149925037481259,0.901049475262369,0.0764617691154423,0.00149925037481259
DCDL-0017219,0.00162074554294976,0.649918962722852,0.00162074554294976,0.00162074554294976,0.0826580226904376,0.00162074554294976,0.00162074554294976,0.00162074554294976,0.00162074554294976,0.00162074554294976,0.00162074554294976,0.00162074554294976,0.00162074554294976,0.00162074554294976,0.244732576985413,0.00162074554294976,0.00162074554294976
DCDL-0017222,0.404844290657439,0.00115340253748558,0.00115340253748558,0.00115340253748558,0.00115340253748558,0.231833910034602,0.00115340253748558,0.00115340253748558,0.00115340253748558,0.34717416378316,0.00115340253748558,0.00115340253748558,0.00115340253748558,0.00115340253748558,0.00115340253748558,0.00115340253748558,0.00115340253748558
DCDL-0017223,0.00162074554294976,0.73095623987034,0.00162074554294976,0.00162074554294976,0.00162074554294976,0.00162074554294976,0.00162074554294976,0.163695299837925,0.00162074554294976,0.00162074554294976,0.00162074554294976,0.00162074554294976,0.00162074554294976,0.00162074554294976,0.0826580226904376,0.00162074554294976,0.00162074554294976
DCDL-0017228,0.00374531835205993,0.00374531835205993,0.00374531835205993,0.00374531835205993,0.565543071161049,0.00374531835205993,0.00374531835205993,0.00374531835205993,0.00374531835205993,0.00374531835205993,0.00374531835205993,0.00374531835205993,0.00374531835205993,0.00374531835205993,0.00374531835205993,0.00374531835205993,0.378277153558052
DCDL-0017229,0.00109051254089422,0.00109051254089422,0.00109051254089422,0.00109051254089422,0.00109051254089422,0.00109051254089422,0.00109051254089422,0.00109051254089422,0.00109051254089422,0.491821155943293,0.00109051254089422,0.00109051254089422,0.00109051254089422,0.00109051254089422,0.491821155943293,0.00109051254089422,0.00109051254089422
DCDL-0017230,0.000705716302046577,0.000705716302046577,0.000705716302046577,0.000705716302046577,0.000705716302046577,0.000705716302046577,0.000705716302046577,0.000705716302046577,0.000705716302046577,0.000705716302046577,0.494707127734651,0.000705716302046577,0.000705716302046577,0.000705716302046577,0.494707127734651,0.000705716302046577,0.000705716302046577
DCDL-0017231,0.000856898029134533,0.257926306769494,0.000856898029134533,0.000856898029134533,0.129391602399314,0.000856898029134533,0.343616109682948,0.000856898029134533,0.0437017994858612,0.000856898029134533,0.000856898029134533,0.000856898029134533,0.000856898029134533,0.000856898029134533,0.172236503856041,0.000856898029134533,0.0437017994858612
DCDL-0017239,0.000599880023995201,0.000599880023995201,0.150569886022795,0.000599880023995201,0.000599880023995201,0.000599880023995201,0.300539892021596,0.000599880023995201,0.000599880023995201,0.000599880023995201,0.000599880023995201,0.540491901619676,0.000599880023995201,0.000599880023995201,0.000599880023995201,0.000599880023995201,0.000599880023995201
DCDL-0017240,0.00214132762312634,0.21627408993576,0.00214132762312634,0.537473233404711,0.00214132762312634,0.00214132762312634,0.00214132762312634,0.00214132762312634,0.21627408993576,0.00214132762312634,0.00214132762312634,0.00214132762312634,0.00214132762312634,0.00214132762312634,0.00214132762312634,0.00214132762312634,0.00214132762312634
DCDL-0017242,0.129391602399314,0.129391602399314,0.000856898029134533,0.000856898029134533,0.215081405312768,0.000856898029134533,0.000856898029134533,0.000856898029134533,0.0865467009425878,0.000856898029134533,0.000856898029134533,0.000856898029134533,0.000856898029134533,0.000856898029134533,0.000856898029134533,0.429305912596401,0.000856898029134533
DCDL-0017244,0.695852534562212,0.00460829493087558,0.00460829493087558,0.00460829493087558,0.00460829493087558,0.00460829493087558,0.00460829493087558,0.00460829493087558,0.235023041474654,0.00460829493087558,0.00460829493087558,0.00460829493087558,0.00460829493087558,0.00460829493087558,0.00460829493087558,0.00460829493087558,0.00460829493087558
DCDL-0017245,0.00139470013947001,0.00139470013947001,0.00139470013947001,0.00139470013947001,0.489539748953975,0.00139470013947001,0.00139470013947001,0.489539748953975,0.00139470013947001,0.00139470013947001,0.00139470013947001,0.00139470013947001,0.00139470013947001,0.00139470013947001,0.00139470013947001,0.00139470013947001,0.00139470013947001
DCDL-0017246,0.00109051254089422,0.00109051254089422,0.00109051254089422,0.00109051254089422,0.00109051254089422,0.00109051254089422,0.00109051254089422,0.00109051254089422,0.00109051254089422,0.00109051254089422,0.00109051254089422,0.00109051254089422,0.00109051254089422,0.00109051254089422,0.491821155943293,0.00109051254089422,0.491821155943293
DCDL-0017247,0.00214132762312634,0.00214132762312634,0.00214132762312634,0.00214132762312634,0.00214132762312634,0.00214132762312634,0.537473233404711,0.00214132762312634,0.00214132762312634,0.00214132762312634,0.00214132762312634,0.00214132762312634,0.109207708779443,0.00214132762312634,0.323340471092077,0.00214132762312634,0.00214132762312634
DCDL-0017250,0.00130378096479791,0.783572359843546,0.00130378096479791,0.00130378096479791,0.196870925684485,0.00130378096479791,0.00130378096479791,0.00130378096479791,0.00130378096479791,0.00130378096479791,0.00130378096479791,0.00130378096479791,0.00130378096479791,0.00130378096479791,0.00130378096479791,0.00130378096479791,0.00130378096479791
DCDL-0017252,0.00122399020807834,0.00122399020807834,0.00122399020807834,0.00122399020807834,0.00122399020807834,0.0624235006119951,0.00122399020807834,0.00122399020807834,0.00122399020807834,0.00122399020807834,0.00122399020807834,0.552019583843329,0.00122399020807834,0.00122399020807834,0.368421052631579,0.00122399020807834,0.00122399020807834
DCDL-0017255,0.00130378096479791,0.00130378096479791,0.979139504563233,0.00130378096479791,0.00130378096479791,0.00130378096479791,0.00130378096479791,0.00130378096479791,0.00130378096479791,0.00130378096479791,0.00130378096479791,0.00130378096479791,0.00130378096479791,0.00130378096479791,0.00130378096479791,0.00130378096479791,0.00130378096479791
DCDL-0017257,0.000638162093171666,0.000638162093171666,0.000638162093171666,0.000638162093171666,0.000638162093171666,0.000638162093171666,0.000638162093171666,0.000638162093171666,0.000638162093171666,0.989789406509253,0.000638162093171666,0.000638162093171666,0.000638162093171666,0.000638162093171666,0.000638162093171666,0.000638162093171666,0.000638162093171666
DCDL-0017262,0.000983284169124877,0.246804326450344,0.000983284169124877,0.000983284169124877,0.000983284169124877,0.000983284169124877,0.000983284169124877,0.640117994100295,0.000983284169124877,0.000983284169124877,0.000983284169124877,0.000983284169124877,0.000983284169124877,0.0993117010816126,0.000983284169124877,0.000983284169124877,0.000983284169124877
DCDL-0017263,0.000759301442672741,0.380410022779043,0.000759301442672741,0.000759301442672741,0.000759301442672741,0.000759301442672741,0.000759301442672741,0.456340167046317,0.000759301442672741,0.000759301442672741,0.000759301442672741,0.000759301442672741,0.000759301442672741,0.000759301442672741,0.000759301442672741,0.000759301442672741,0.152619589977221
DCDL-0017264,0.00115340253748558,0.462514417531719,0.00115340253748558,0.00115340253748558,0.289504036908881,0.00115340253748558,0.00115340253748558,0.00115340253748558,0.00115340253748558,0.231833910034602,0.00115340253748558,0.00115340253748558,0.00115340253748558,0.00115340253748558,0.00115340253748558,0.00115340253748558,0.00115340253748558
DCDL-0017266,0.000599880023995201,0.000599880023995201,0.000599880023995201,0.0605878824235153,0.000599880023995201,0.000599880023995201,0.000599880023995201,0.000599880023995201,0.000599880023995201,0.780443911217756,0.000599880023995201,0.150569886022795,0.000599880023995201,0.000599880023995201,0.000599880023995201,0.000599880023995201,0.000599880023995201
