identifier,world_rugby_cup_earthquakes_river_man_shows,buildings_building_city_heritage_rebuilding_notes_earthquakes,man_context_buildings_february_shows_cartoon_damaged,people_canterbury_government_february_nz_response_civil,city_talks_earthquakes_canterbury_feb_residents_business,nz_talks_quake_community_canterbury_earthquakes_time,minister_brownlee_gerry_key_recovery_john_canterbury,earthquakes_people_context_asks_ring_quake_ken,red_zone_business_context_house_central_homes,context_man_reads_damage_portaloo_shipping_eqc,insurance_earthquakes_chief_executive_companies_nz_talks,mayor_bob_parker_council_city_marryatt_pay,city_building_school_people_rebuild_woman_quake,man_reads_quake_newspaper_september_toilet_bank,context_cartoon_text_shows_reads_february_zealand,party_labour_prince_rebuilding_energy_talks_nz,shows_quake_refers_cartoon_context_reads_frame
DCDL-0015511,0.00162074554294976,0.00162074554294976,0.487844408427877,0.00162074554294976,0.00162074554294976,0.00162074554294976,0.00162074554294976,0.00162074554294976,0.00162074554294976,0.0826580226904376,0.00162074554294976,0.00162074554294976,0.00162074554294976,0.00162074554294976,0.00162074554294976,0.00162074554294976,0.406807131280389
DCDL-0015512,0.00214132762312634,0.00214132762312634,0.00214132762312634,0.00214132762312634,0.00214132762312634,0.00214132762312634,0.00214132762312634,0.323340471092077,0.21627408993576,0.00214132762312634,0.00214132762312634,0.00214132762312634,0.00214132762312634,0.00214132762312634,0.00214132762312634,0.00214132762312634,0.430406852248394
DCDL-0015513,0.000565930956423316,0.000565930956423316,0.368421052631579,0.000565930956423316,0.000565930956423316,0.000565930956423316,0.000565930956423316,0.000565930956423316,0.000565930956423316,0.000565930956423316,0.000565930956423316,0.000565930956423316,0.000565930956423316,0.000565930956423316,0.623089983022071,0.000565930956423316,0.000565930956423316
DCDL-0015513A,0.000565930956423316,0.000565930956423316,0.368421052631579,0.000565930956423316,0.000565930956423316,0.000565930956423316,0.000565930956423316,0.000565930956423316,0.000565930956423316,0.000565930956423316,0.000565930956423316,0.000565930956423316,0.000565930956423316,0.000565930956423316,0.623089983022071,0.000565930956423316,0.000565930956423316
DCDL-0015518,0.00193423597678917,0.00193423597678917,0.00193423597678917,0.00193423597678917,0.00193423597678917,0.00193423597678917,0.775628626692456,0.0986460348162476,0.00193423597678917,0.00193423597678917,0.00193423597678917,0.00193423597678917,0.00193423597678917,0.00193423597678917,0.00193423597678917,0.00193423597678917,0.0986460348162476
DCDL-0015519,0.000856898029134533,0.000856898029134533,0.000856898029134533,0.000856898029134533,0.172236503856041,0.000856898029134533,0.000856898029134533,0.000856898029134533,0.000856898029134533,0.000856898029134533,0.000856898029134533,0.000856898029134533,0.514995715509854,0.000856898029134533,0.000856898029134533,0.000856898029134533,0.300771208226221
DCDL-0015522,0.00139470013947001,0.00139470013947001,0.00139470013947001,0.00139470013947001,0.00139470013947001,0.00139470013947001,0.00139470013947001,0.00139470013947001,0.00139470013947001,0.00139470013947001,0.00139470013947001,0.00139470013947001,0.00139470013947001,0.00139470013947001,0.97768479776848,0.00139470013947001,0.00139470013947001
DCDL-0015522A,0.00139470013947001,0.00139470013947001,0.00139470013947001,0.00139470013947001,0.00139470013947001,0.00139470013947001,0.00139470013947001,0.00139470013947001,0.00139470013947001,0.00139470013947001,0.00139470013947001,0.00139470013947001,0.00139470013947001,0.00139470013947001,0.97768479776848,0.00139470013947001,0.00139470013947001
DCDL-0015528,0.00115340253748558,0.00115340253748558,0.00115340253748558,0.00115340253748558,0.00115340253748558,0.00115340253748558,0.462514417531719,0.0588235294117647,0.00115340253748558,0.00115340253748558,0.00115340253748558,0.00115340253748558,0.00115340253748558,0.00115340253748558,0.462514417531719,0.00115340253748558,0.00115340253748558
DCDL-0015530,0.000565930956423316,0.000565930956423316,0.000565930956423316,0.0288624787775891,0.000565930956423316,0.000565930956423316,0.340124504810413,0.000565930956423316,0.113752122241087,0.000565930956423316,0.000565930956423316,0.000565930956423316,0.057159026598755,0.000565930956423316,0.311827956989247,0.142048670062252,0.000565930956423316
DCDL-0015533,0.000638162093171666,0.000638162093171666,0.287811104020421,0.255902999361838,0.000638162093171666,0.000638162093171666,0.000638162093171666,0.000638162093171666,0.000638162093171666,0.000638162093171666,0.000638162093171666,0.415443522654754,0.000638162093171666,0.000638162093171666,0.000638162093171666,0.0325462667517549,0.000638162093171666
DCDL-0015539,0.00162074554294976,0.00162074554294976,0.00162074554294976,0.325769854132901,0.00162074554294976,0.00162074554294976,0.00162074554294976,0.00162074554294976,0.00162074554294976,0.00162074554294976,0.00162074554294976,0.00162074554294976,0.00162074554294976,0.00162074554294976,0.649918962722852,0.00162074554294976,0.00162074554294976
DCDL-0015541,0.228549734244495,0.000759301442672741,0.000759301442672741,0.000759301442672741,0.000759301442672741,0.000759301442672741,0.000759301442672741,0.000759301442672741,0.000759301442672741,0.000759301442672741,0.000759301442672741,0.000759301442672741,0.000759301442672741,0.000759301442672741,0.228549734244495,0.000759301442672741,0.532270311313591
DCDL-0015552,0.00130378096479791,0.00130378096479791,0.00130378096479791,0.0664928292046936,0.00130378096479791,0.00130378096479791,0.457627118644068,0.00130378096479791,0.00130378096479791,0.00130378096479791,0.00130378096479791,0.00130378096479791,0.00130378096479791,0.457627118644068,0.00130378096479791,0.00130378096479791,0.00130378096479791
DCDL-0015558,0.000937207122774133,0.000937207122774133,0.000937207122774133,0.000937207122774133,0.282099343955014,0.000937207122774133,0.000937207122774133,0.000937207122774133,0.000937207122774133,0.000937207122774133,0.000937207122774133,0.375820056232427,0.000937207122774133,0.000937207122774133,0.000937207122774133,0.000937207122774133,0.328959700093721
DCDL-0015561,0.172236503856041,0.172236503856041,0.386461011139674,0.000856898029134533,0.000856898029134533,0.000856898029134533,0.000856898029134533,0.000856898029134533,0.000856898029134533,0.257926306769494,0.000856898029134533,0.000856898029134533,0.000856898029134533,0.000856898029134533,0.000856898029134533,0.000856898029134533,0.000856898029134533
DCDL-0015562,0.102931152010907,0.000681663258350375,0.000681663258350375,0.000681663258350375,0.000681663258350375,0.000681663258350375,0.000681663258350375,0.000681663258350375,0.0688479890933879,0.000681663258350375,0.000681663258350375,0.8186775732788,0.000681663258350375,0.000681663258350375,0.000681663258350375,0.000681663258350375,0.000681663258350375
DCDL-0015572,0.00035498757543486,0.00035498757543486,0.00035498757543486,0.00035498757543486,0.00035498757543486,0.00035498757543486,0.763578274760383,0.00035498757543486,0.00035498757543486,0.00035498757543486,0.00035498757543486,0.00035498757543486,0.00035498757543486,0.00035498757543486,0.231096911608094,0.00035498757543486,0.00035498757543486
DCDL-0015572A,0.00035498757543486,0.00035498757543486,0.00035498757543486,0.00035498757543486,0.00035498757543486,0.00035498757543486,0.763578274760383,0.00035498757543486,0.00035498757543486,0.00035498757543486,0.00035498757543486,0.00035498757543486,0.00035498757543486,0.00035498757543486,0.231096911608094,0.00035498757543486,0.00035498757543486
DCDL-0015573,0.000397298371076679,0.000397298371076679,0.000397298371076679,0.000397298371076679,0.000397298371076679,0.000397298371076679,0.894318633293604,0.000397298371076679,0.000397298371076679,0.000397298371076679,0.000397298371076679,0.000397298371076679,0.000397298371076679,0.000397298371076679,0.0997218911402463,0.000397298371076679,0.000397298371076679
DCDL-0015605,0.171097477845944,0.000681663258350375,0.137014314928425,0.000681663258350375,0.000681663258350375,0.000681663258350375,0.307430129516019,0.000681663258350375,0.000681663258350375,0.000681663258350375,0.000681663258350375,0.000681663258350375,0.000681663258350375,0.000681663258350375,0.375596455351057,0.000681663258350375,0.000681663258350375
DCDL-0015607,0.033618984838497,0.033618984838497,0.000659195781147001,0.0995385629531971,0.000659195781147001,0.000659195781147001,0.000659195781147001,0.000659195781147001,0.132498352010547,0.000659195781147001,0.000659195781147001,0.000659195781147001,0.0995385629531971,0.000659195781147001,0.000659195781147001,0.000659195781147001,0.593935398813448
DCDL-0015611,0.00103412616339193,0.00103412616339193,0.00103412616339193,0.00103412616339193,0.00103412616339193,0.00103412616339193,0.00103412616339193,0.00103412616339193,0.00103412616339193,0.00103412616339193,0.00103412616339193,0.00103412616339193,0.00103412616339193,0.00103412616339193,0.00103412616339193,0.00103412616339193,0.983453981385729
DCDL-0015611A,0.00103412616339193,0.00103412616339193,0.00103412616339193,0.00103412616339193,0.00103412616339193,0.00103412616339193,0.00103412616339193,0.00103412616339193,0.00103412616339193,0.00103412616339193,0.00103412616339193,0.00103412616339193,0.00103412616339193,0.00103412616339193,0.00103412616339193,0.00103412616339193,0.983453981385729
DCDL-0015616,0.00130378096479791,0.00130378096479791,0.00130378096479791,0.00130378096479791,0.00130378096479791,0.00130378096479791,0.00130378096479791,0.00130378096479791,0.00130378096479791,0.00130378096479791,0.00130378096479791,0.00130378096479791,0.00130378096479791,0.00130378096479791,0.979139504563233,0.00130378096479791,0.00130378096479791
DCDL-0015626,0.000638162093171666,0.000638162093171666,0.000638162093171666,0.000638162093171666,0.319719208679004,0.000638162093171666,0.000638162093171666,0.000638162093171666,0.000638162093171666,0.000638162093171666,0.000638162093171666,0.000638162093171666,0.000638162093171666,0.574984045947671,0.000638162093171666,0.0963624760689215,0.000638162093171666
DCDL-0015627,0.00149925037481259,0.00149925037481259,0.00149925037481259,0.00149925037481259,0.00149925037481259,0.00149925037481259,0.00149925037481259,0.00149925037481259,0.00149925037481259,0.00149925037481259,0.00149925037481259,0.00149925037481259,0.00149925037481259,0.451274362818591,0.00149925037481259,0.00149925037481259,0.52623688155922
DCDL-0015640,0.00130378096479791,0.00130378096479791,0.00130378096479791,0.00130378096479791,0.00130378096479791,0.00130378096479791,0.00130378096479791,0.00130378096479791,0.00130378096479791,0.00130378096479791,0.00130378096479791,0.979139504563233,0.00130378096479791,0.00130378096479791,0.00130378096479791,0.00130378096479791,0.00130378096479791
DCDL-0015642,0.000856898029134533,0.000856898029134533,0.000856898029134533,0.000856898029134533,0.172236503856041,0.000856898029134533,0.000856898029134533,0.000856898029134533,0.000856898029134533,0.0437017994858612,0.000856898029134533,0.000856898029134533,0.000856898029134533,0.000856898029134533,0.000856898029134533,0.000856898029134533,0.772065124250214
DCDL-0015644,0.000983284169124877,0.000983284169124877,0.000983284169124877,0.000983284169124877,0.000983284169124877,0.000983284169124877,0.000983284169124877,0.000983284169124877,0.000983284169124877,0.000983284169124877,0.000983284169124877,0.000983284169124877,0.000983284169124877,0.1976401179941,0.148475909537856,0.000983284169124877,0.640117994100295
DCDL-0015664,0.000937207122774133,0.000937207122774133,0.000937207122774133,0.000937207122774133,0.000937207122774133,0.000937207122774133,0.000937207122774133,0.000937207122774133,0.000937207122774133,0.000937207122774133,0.000937207122774133,0.000937207122774133,0.000937207122774133,0.0477975632614808,0.656982193064667,0.000937207122774133,0.282099343955014
DCDL-0015674,0.00103412616339193,0.00103412616339193,0.00103412616339193,0.00103412616339193,0.362978283350569,0.00103412616339193,0.00103412616339193,0.00103412616339193,0.00103412616339193,0.311271975180972,0.00103412616339193,0.00103412616339193,0.00103412616339193,0.00103412616339193,0.00103412616339193,0.00103412616339193,0.311271975180972
DCDL-0015710,0.000983284169124877,0.000983284169124877,0.000983284169124877,0.000983284169124877,0.000983284169124877,0.000983284169124877,0.000983284169124877,0.000983284169124877,0.000983284169124877,0.541789577187807,0.000983284169124877,0.000983284169124877,0.000983284169124877,0.000983284169124877,0.44346116027532,0.000983284169124877,0.000983284169124877
DCDL-0015710A,0.000983284169124877,0.000983284169124877,0.000983284169124877,0.000983284169124877,0.000983284169124877,0.000983284169124877,0.000983284169124877,0.000983284169124877,0.000983284169124877,0.738446411012783,0.000983284169124877,0.000983284169124877,0.000983284169124877,0.000983284169124877,0.246804326450344,0.000983284169124877,0.000983284169124877
DCDL-0015713,0.000789265982636148,0.000789265982636148,0.000789265982636148,0.000789265982636148,0.000789265982636148,0.000789265982636148,0.000789265982636148,0.000789265982636148,0.000789265982636148,0.000789265982636148,0.000789265982636148,0.987371744277822,0.000789265982636148,0.000789265982636148,0.000789265982636148,0.000789265982636148,0.000789265982636148
DCDL-0015713A,0.000789265982636148,0.000789265982636148,0.000789265982636148,0.000789265982636148,0.000789265982636148,0.000789265982636148,0.000789265982636148,0.000789265982636148,0.000789265982636148,0.000789265982636148,0.000789265982636148,0.987371744277822,0.000789265982636148,0.000789265982636148,0.000789265982636148,0.000789265982636148,0.000789265982636148
DCDL-0015720,0.000789265982636148,0.000789265982636148,0.000789265982636148,0.000789265982636148,0.000789265982636148,0.000789265982636148,0.000789265982636148,0.000789265982636148,0.000789265982636148,0.000789265982636148,0.000789265982636148,0.987371744277822,0.000789265982636148,0.000789265982636148,0.000789265982636148,0.000789265982636148,0.000789265982636148
DCDL-0015726,0.00115340253748558,0.00115340253748558,0.00115340253748558,0.981545559400231,0.00115340253748558,0.00115340253748558,0.00115340253748558,0.00115340253748558,0.00115340253748558,0.00115340253748558,0.00115340253748558,0.00115340253748558,0.00115340253748558,0.00115340253748558,0.00115340253748558,0.00115340253748558,0.00115340253748558
DCDL-0015726A,0.00115340253748558,0.00115340253748558,0.0588235294117647,0.923875432525952,0.00115340253748558,0.00115340253748558,0.00115340253748558,0.00115340253748558,0.00115340253748558,0.00115340253748558,0.00115340253748558,0.00115340253748558,0.00115340253748558,0.00115340253748558,0.00115340253748558,0.00115340253748558,0.00115340253748558
DCDL-0015734,0.000856898029134533,0.000856898029134533,0.000856898029134533,0.000856898029134533,0.000856898029134533,0.000856898029134533,0.000856898029134533,0.000856898029134533,0.000856898029134533,0.986289631533847,0.000856898029134533,0.000856898029134533,0.000856898029134533,0.000856898029134533,0.000856898029134533,0.000856898029134533,0.000856898029134533
DCDL-0015735,0.246804326450344,0.000983284169124877,0.000983284169124877,0.000983284169124877,0.000983284169124877,0.000983284169124877,0.000983284169124877,0.000983284169124877,0.000983284169124877,0.738446411012783,0.000983284169124877,0.000983284169124877,0.000983284169124877,0.000983284169124877,0.000983284169124877,0.000983284169124877,0.000983284169124877
DCDL-0015760,0.000521648408972353,0.000521648408972353,0.000521648408972353,0.000521648408972353,0.000521648408972353,0.730829420970266,0.000521648408972353,0.000521648408972353,0.02660406885759,0.000521648408972353,0.000521648408972353,0.000521648408972353,0.0526864893062076,0.000521648408972353,0.183098591549296,0.000521648408972353,0.000521648408972353
DCDL-0015784,0.640117994100295,0.000983284169124877,0.0993117010816126,0.000983284169124877,0.000983284169124877,0.000983284169124877,0.246804326450344,0.000983284169124877,0.000983284169124877,0.000983284169124877,0.000983284169124877,0.000983284169124877,0.000983284169124877,0.000983284169124877,0.000983284169124877,0.000983284169124877,0.000983284169124877
DCDL-0015839,0.00149925037481259,0.301349325337331,0.00149925037481259,0.00149925037481259,0.00149925037481259,0.00149925037481259,0.00149925037481259,0.00149925037481259,0.00149925037481259,0.00149925037481259,0.00149925037481259,0.00149925037481259,0.00149925037481259,0.00149925037481259,0.67616191904048,0.00149925037481259,0.00149925037481259
DCDL-0015856,0.000731528895391368,0.000731528895391368,0.000731528895391368,0.000731528895391368,0.000731528895391368,0.000731528895391368,0.000731528895391368,0.000731528895391368,0.000731528895391368,0.000731528895391368,0.000731528895391368,0.000731528895391368,0.000731528895391368,0.988295537673738,0.000731528895391368,0.000731528895391368,0.000731528895391368
DCDL-0015856A,0.000731528895391368,0.000731528895391368,0.000731528895391368,0.000731528895391368,0.000731528895391368,0.000731528895391368,0.000731528895391368,0.000731528895391368,0.000731528895391368,0.000731528895391368,0.000731528895391368,0.000731528895391368,0.000731528895391368,0.988295537673738,0.000731528895391368,0.000731528895391368,0.000731528895391368
DCDL-0015856B,0.000731528895391368,0.000731528895391368,0.000731528895391368,0.000731528895391368,0.000731528895391368,0.000731528895391368,0.000731528895391368,0.000731528895391368,0.000731528895391368,0.000731528895391368,0.000731528895391368,0.000731528895391368,0.000731528895391368,0.988295537673738,0.000731528895391368,0.000731528895391368,0.000731528895391368
DCDL-0015869,0.00115340253748558,0.00115340253748558,0.00115340253748558,0.00115340253748558,0.00115340253748558,0.00115340253748558,0.00115340253748558,0.00115340253748558,0.00115340253748558,0.00115340253748558,0.00115340253748558,0.00115340253748558,0.00115340253748558,0.00115340253748558,0.577854671280277,0.0588235294117647,0.34717416378316
DCDL-0015892,0.0373079736649598,0.000731528895391368,0.000731528895391368,0.000731528895391368,0.000731528895391368,0.000731528895391368,0.293343087051939,0.000731528895391368,0.000731528895391368,0.000731528895391368,0.000731528895391368,0.000731528895391368,0.000731528895391368,0.000731528895391368,0.000731528895391368,0.110460863204097,0.549378200438917
DCDL-0015912,0.000821692686935086,0.000821692686935086,0.000821692686935086,0.000821692686935086,0.206244864420707,0.000821692686935086,0.000821692686935086,0.000821692686935086,0.000821692686935086,0.0829909613804437,0.493837304847987,0.000821692686935086,0.000821692686935086,0.206244864420707,0.000821692686935086,0.000821692686935086,0.000821692686935086
DCDL-0016039,0.391757955138237,0.000521648408972353,0.000521648408972353,0.600417318727178,0.000521648408972353,0.000521648408972353,0.000521648408972353,0.000521648408972353,0.000521648408972353,0.000521648408972353,0.000521648408972353,0.000521648408972353,0.000521648408972353,0.000521648408972353,0.000521648408972353,0.000521648408972353,0.000521648408972353
DCDL-0016039A,0.339593114241002,0.000521648408972353,0.000521648408972353,0.626499739175796,0.000521648408972353,0.000521648408972353,0.000521648408972353,0.000521648408972353,0.000521648408972353,0.000521648408972353,0.000521648408972353,0.000521648408972353,0.000521648408972353,0.02660406885759,0.000521648408972353,0.000521648408972353,0.000521648408972353
DCDL-0016121,0.280334728033473,0.00139470013947001,0.00139470013947001,0.00139470013947001,0.00139470013947001,0.00139470013947001,0.00139470013947001,0.00139470013947001,0.00139470013947001,0.00139470013947001,0.00139470013947001,0.00139470013947001,0.00139470013947001,0.00139470013947001,0.629009762900976,0.00139470013947001,0.0711297071129707
DCDL-0016143,0.987851176917236,0.000759301442672741,0.000759301442672741,0.000759301442672741,0.000759301442672741,0.000759301442672741,0.000759301442672741,0.000759301442672741,0.000759301442672741,0.000759301442672741,0.000759301442672741,0.000759301442672741,0.000759301442672741,0.000759301442672741,0.000759301442672741,0.000759301442672741,0.000759301442672741
DCDL-0016143A,0.987851176917236,0.000759301442672741,0.000759301442672741,0.000759301442672741,0.000759301442672741,0.000759301442672741,0.000759301442672741,0.000759301442672741,0.000759301442672741,0.000759301442672741,0.000759301442672741,0.000759301442672741,0.000759301442672741,0.000759301442672741,0.000759301442672741,0.000759301442672741,0.000759301442672741
DCDL-0016218,0.0946579194001874,0.000937207122774133,0.516401124648547,0.000937207122774133,0.000937207122774133,0.000937207122774133,0.000937207122774133,0.000937207122774133,0.000937207122774133,0.235238987816307,0.141518275538894,0.000937207122774133,0.000937207122774133,0.000937207122774133,0.000937207122774133,0.000937207122774133,0.000937207122774133
DCDL-0016249,0.97768479776848,0.00139470013947001,0.00139470013947001,0.00139470013947001,0.00139470013947001,0.00139470013947001,0.00139470013947001,0.00139470013947001,0.00139470013947001,0.00139470013947001,0.00139470013947001,0.00139470013947001,0.00139470013947001,0.00139470013947001,0.00139470013947001,0.00139470013947001,0.00139470013947001
DCDL-0016259,0.300771208226221,0.000856898029134533,0.000856898029134533,0.000856898029134533,0.000856898029134533,0.000856898029134533,0.000856898029134533,0.0437017994858612,0.215081405312768,0.000856898029134533,0.215081405312768,0.000856898029134533,0.000856898029134533,0.000856898029134533,0.215081405312768,0.000856898029134533,0.000856898029134533
DCDL-0016310,0.000789265982636148,0.000789265982636148,0.316495659037095,0.000789265982636148,0.000789265982636148,0.000789265982636148,0.000789265982636148,0.000789265982636148,0.000789265982636148,0.079715864246251,0.000789265982636148,0.079715864246251,0.000789265982636148,0.513812154696133,0.000789265982636148,0.000789265982636148,0.000789265982636148
DCDL-0016337,0.000789265982636148,0.000789265982636148,0.000789265982636148,0.000789265982636148,0.000789265982636148,0.000789265982636148,0.671665351223362,0.000789265982636148,0.158642462509866,0.000789265982636148,0.0402525651144436,0.000789265982636148,0.000789265982636148,0.000789265982636148,0.0402525651144436,0.000789265982636148,0.079715864246251
DCDL-0016804,0.00239808153477218,0.00239808153477218,0.00239808153477218,0.00239808153477218,0.00239808153477218,0.00239808153477218,0.00239808153477218,0.00239808153477218,0.00239808153477218,0.00239808153477218,0.00239808153477218,0.00239808153477218,0.00239808153477218,0.00239808153477218,0.00239808153477218,0.00239808153477218,0.961630695443645
DCDL-0016946,0.00109051254089422,0.00109051254089422,0.00109051254089422,0.00109051254089422,0.00109051254089422,0.00109051254089422,0.00109051254089422,0.709923664122137,0.00109051254089422,0.273718647764449,0.00109051254089422,0.00109051254089422,0.00109051254089422,0.00109051254089422,0.00109051254089422,0.00109051254089422,0.00109051254089422
DCDL-0017142,0.000681663258350375,0.000681663258350375,0.000681663258350375,0.000681663258350375,0.000681663258350375,0.000681663258350375,0.000681663258350375,0.000681663258350375,0.375596455351057,0.000681663258350375,0.0688479890933879,0.000681663258350375,0.000681663258350375,0.54601226993865,0.000681663258350375,0.000681663258350375,0.000681663258350375
DCDL-0017148,0.000789265982636148,0.000789265982636148,0.671665351223362,0.000789265982636148,0.000789265982636148,0.000789265982636148,0.000789265982636148,0.079715864246251,0.000789265982636148,0.000789265982636148,0.000789265982636148,0.000789265982636148,0.000789265982636148,0.000789265982636148,0.000789265982636148,0.000789265982636148,0.237569060773481
DCDL-0017150,0.0711297071129707,0.00139470013947001,0.00139470013947001,0.00139470013947001,0.00139470013947001,0.00139470013947001,0.00139470013947001,0.00139470013947001,0.00139470013947001,0.00139470013947001,0.00139470013947001,0.00139470013947001,0.00139470013947001,0.00139470013947001,0.907949790794979,0.00139470013947001,0.00139470013947001
DCDL-0017150A,0.0711297071129707,0.00139470013947001,0.00139470013947001,0.00139470013947001,0.00139470013947001,0.00139470013947001,0.00139470013947001,0.00139470013947001,0.00139470013947001,0.00139470013947001,0.00139470013947001,0.00139470013947001,0.00139470013947001,0.00139470013947001,0.907949790794979,0.00139470013947001,0.00139470013947001
DCDL-0017151,0.00115340253748558,0.00115340253748558,0.00115340253748558,0.981545559400231,0.00115340253748558,0.00115340253748558,0.00115340253748558,0.00115340253748558,0.00115340253748558,0.00115340253748558,0.00115340253748558,0.00115340253748558,0.00115340253748558,0.00115340253748558,0.00115340253748558,0.00115340253748558,0.00115340253748558
DCDL-0017151A,0.00115340253748558,0.00115340253748558,0.00115340253748558,0.981545559400231,0.00115340253748558,0.00115340253748558,0.00115340253748558,0.00115340253748558,0.00115340253748558,0.00115340253748558,0.00115340253748558,0.00115340253748558,0.00115340253748558,0.00115340253748558,0.00115340253748558,0.00115340253748558,0.00115340253748558
DCDL-0017152,0.00214132762312634,0.00214132762312634,0.00214132762312634,0.751605995717345,0.00214132762312634,0.00214132762312634,0.00214132762312634,0.00214132762312634,0.00214132762312634,0.00214132762312634,0.00214132762312634,0.00214132762312634,0.00214132762312634,0.00214132762312634,0.21627408993576,0.00214132762312634,0.00214132762312634
DCDL-0017156,0.00193423597678917,0.00193423597678917,0.00193423597678917,0.00193423597678917,0.00193423597678917,0.00193423597678917,0.00193423597678917,0.00193423597678917,0.00193423597678917,0.00193423597678917,0.00193423597678917,0.00193423597678917,0.00193423597678917,0.00193423597678917,0.969052224371373,0.00193423597678917,0.00193423597678917
DCDL-0017157,0.00139470013947001,0.00139470013947001,0.00139470013947001,0.00139470013947001,0.210599721059972,0.00139470013947001,0.0711297071129707,0.00139470013947001,0.00139470013947001,0.0711297071129707,0.00139470013947001,0.00139470013947001,0.210599721059972,0.00139470013947001,0.00139470013947001,0.00139470013947001,0.419804741980474
DCDL-0017159,0.000638162093171666,0.000638162093171666,0.000638162093171666,0.000638162093171666,0.000638162093171666,0.000638162093171666,0.000638162093171666,0.000638162093171666,0.000638162093171666,0.000638162093171666,0.000638162093171666,0.000638162093171666,0.000638162093171666,0.000638162093171666,0.989789406509253,0.000638162093171666,0.000638162093171666
DCDL-0017160,0.000895255147717099,0.135183527305282,0.000895255147717099,0.000895255147717099,0.000895255147717099,0.000895255147717099,0.179946284691137,0.000895255147717099,0.000895255147717099,0.000895255147717099,0.000895255147717099,0.000895255147717099,0.000895255147717099,0.000895255147717099,0.672336615935542,0.000895255147717099,0.000895255147717099
DCDL-0017162,0.000535618639528656,0.000535618639528656,0.000535618639528656,0.000535618639528656,0.000535618639528656,0.000535618639528656,0.000535618639528656,0.000535618639528656,0.000535618639528656,0.000535618639528656,0.000535618639528656,0.000535618639528656,0.000535618639528656,0.696839850026781,0.295125870380289,0.000535618639528656,0.000535618639528656
DCDL-0017163,0.000821692686935086,0.165160230073952,0.61709120788825,0.000821692686935086,0.000821692686935086,0.000821692686935086,0.000821692686935086,0.000821692686935086,0.000821692686935086,0.000821692686935086,0.000821692686935086,0.000821692686935086,0.000821692686935086,0.000821692686935086,0.206244864420707,0.000821692686935086,0.000821692686935086
DCDL-0017164,0.601918465227818,0.00239808153477218,0.00239808153477218,0.3621103117506,0.00239808153477218,0.00239808153477218,0.00239808153477218,0.00239808153477218,0.00239808153477218,0.00239808153477218,0.00239808153477218,0.00239808153477218,0.00239808153477218,0.00239808153477218,0.00239808153477218,0.00239808153477218,0.00239808153477218
DCDL-0017165,0.841989758595465,0.000731528895391368,0.000731528895391368,0.0373079736649598,0.000731528895391368,0.000731528895391368,0.000731528895391368,0.000731528895391368,0.000731528895391368,0.000731528895391368,0.000731528895391368,0.000731528895391368,0.000731528895391368,0.000731528895391368,0.000731528895391368,0.000731528895391368,0.110460863204097
DCDL-0017166,0.947908445146014,0.0402525651144436,0.000789265982636148,0.000789265982636148,0.000789265982636148,0.000789265982636148,0.000789265982636148,0.000789265982636148,0.000789265982636148,0.000789265982636148,0.000789265982636148,0.000789265982636148,0.000789265982636148,0.000789265982636148,0.000789265982636148,0.000789265982636148,0.000789265982636148
DCDL-0017166A,0.947908445146014,0.000789265982636148,0.000789265982636148,0.000789265982636148,0.000789265982636148,0.000789265982636148,0.000789265982636148,0.000789265982636148,0.000789265982636148,0.000789265982636148,0.000789265982636148,0.0402525651144436,0.000789265982636148,0.000789265982636148,0.000789265982636148,0.000789265982636148,0.000789265982636148
DCDL-0017168,0.000705716302046577,0.000705716302046577,0.988708539167255,0.000705716302046577,0.000705716302046577,0.000705716302046577,0.000705716302046577,0.000705716302046577,0.000705716302046577,0.000705716302046577,0.000705716302046577,0.000705716302046577,0.000705716302046577,0.000705716302046577,0.000705716302046577,0.000705716302046577,0.000705716302046577
DCDL-0017168A,0.000659195781147001,0.000659195781147001,0.989452867501648,0.000659195781147001,0.000659195781147001,0.000659195781147001,0.000659195781147001,0.000659195781147001,0.000659195781147001,0.000659195781147001,0.000659195781147001,0.000659195781147001,0.000659195781147001,0.000659195781147001,0.000659195781147001,0.000659195781147001,0.000659195781147001
DCDL-0017169,0.00130378096479791,0.00130378096479791,0.392438070404172,0.00130378096479791,0.00130378096479791,0.00130378096479791,0.00130378096479791,0.00130378096479791,0.00130378096479791,0.00130378096479791,0.00130378096479791,0.00130378096479791,0.00130378096479791,0.00130378096479791,0.327249022164276,0.00130378096479791,0.262059973924381
DCDL-0017170,0.0865467009425878,0.000856898029134533,0.000856898029134533,0.000856898029134533,0.0437017994858612,0.000856898029134533,0.000856898029134533,0.000856898029134533,0.000856898029134533,0.000856898029134533,0.000856898029134533,0.000856898029134533,0.000856898029134533,0.000856898029134533,0.557840616966581,0.0865467009425878,0.215081405312768
DCDL-0017173,0.000856898029134533,0.000856898029134533,0.000856898029134533,0.000856898029134533,0.000856898029134533,0.257926306769494,0.000856898029134533,0.0865467009425878,0.000856898029134533,0.000856898029134533,0.000856898029134533,0.000856898029134533,0.000856898029134533,0.0437017994858612,0.600685518423308,0.000856898029134533,0.000856898029134533
DCDL-0017174,0.00139470013947001,0.140864714086471,0.629009762900976,0.00139470013947001,0.0711297071129707,0.00139470013947001,0.00139470013947001,0.00139470013947001,0.00139470013947001,0.00139470013947001,0.00139470013947001,0.00139470013947001,0.140864714086471,0.00139470013947001,0.00139470013947001,0.00139470013947001,0.00139470013947001
DCDL-0017177,0.00103412616339193,0.00103412616339193,0.00103412616339193,0.00103412616339193,0.00103412616339193,0.00103412616339193,0.00103412616339193,0.00103412616339193,0.00103412616339193,0.00103412616339193,0.00103412616339193,0.00103412616339193,0.00103412616339193,0.00103412616339193,0.983453981385729,0.00103412616339193,0.00103412616339193
DCDL-0017177A,0.00103412616339193,0.00103412616339193,0.00103412616339193,0.00103412616339193,0.00103412616339193,0.00103412616339193,0.00103412616339193,0.00103412616339193,0.00103412616339193,0.00103412616339193,0.00103412616339193,0.00103412616339193,0.00103412616339193,0.00103412616339193,0.983453981385729,0.00103412616339193,0.00103412616339193
DCDL-0017178,0.000856898029134533,0.000856898029134533,0.000856898029134533,0.000856898029134533,0.000856898029134533,0.000856898029134533,0.000856898029134533,0.000856898029134533,0.257926306769494,0.000856898029134533,0.000856898029134533,0.000856898029134533,0.000856898029134533,0.129391602399314,0.600685518423308,0.000856898029134533,0.000856898029134533
DCDL-0017179,0.000983284169124877,0.000983284169124877,0.1976401179941,0.000983284169124877,0.000983284169124877,0.000983284169124877,0.148475909537856,0.000983284169124877,0.000983284169124877,0.000983284169124877,0.000983284169124877,0.640117994100295,0.000983284169124877,0.000983284169124877,0.000983284169124877,0.000983284169124877,0.000983284169124877
DCDL-0017181,0.00115340253748558,0.00115340253748558,0.00115340253748558,0.577854671280277,0.0588235294117647,0.00115340253748558,0.00115340253748558,0.00115340253748558,0.34717416378316,0.00115340253748558,0.00115340253748558,0.00115340253748558,0.00115340253748558,0.00115340253748558,0.00115340253748558,0.00115340253748558,0.00115340253748558
DCDL-0017185,0.00122399020807834,0.00122399020807834,0.00122399020807834,0.00122399020807834,0.00122399020807834,0.00122399020807834,0.00122399020807834,0.00122399020807834,0.00122399020807834,0.123623011015912,0.00122399020807834,0.00122399020807834,0.00122399020807834,0.00122399020807834,0.429620563035496,0.00122399020807834,0.429620563035496
DCDL-0017187,0.000681663258350375,0.000681663258350375,0.137014314928425,0.000681663258350375,0.171097477845944,0.000681663258350375,0.000681663258350375,0.000681663258350375,0.000681663258350375,0.000681663258350375,0.000681663258350375,0.000681663258350375,0.000681663258350375,0.000681663258350375,0.682344921608725,0.000681663258350375,0.000681663258350375
DCDL-0017200,0.00139470013947001,0.00139470013947001,0.489539748953975,0.00139470013947001,0.00139470013947001,0.00139470013947001,0.00139470013947001,0.00139470013947001,0.00139470013947001,0.00139470013947001,0.00139470013947001,0.00139470013947001,0.00139470013947001,0.00139470013947001,0.489539748953975,0.00139470013947001,0.00139470013947001
DCDL-0017203,0.000599880023995201,0.0605878824235153,0.120575884823035,0.000599880023995201,0.000599880023995201,0.000599880023995201,0.0305938812237553,0.000599880023995201,0.000599880023995201,0.000599880023995201,0.420515896820636,0.000599880023995201,0.000599880023995201,0.360527894421116,0.000599880023995201,0.000599880023995201,0.000599880023995201
DCDL-0017204,0.00109051254089422,0.00109051254089422,0.00109051254089422,0.982551799345692,0.00109051254089422,0.00109051254089422,0.00109051254089422,0.00109051254089422,0.00109051254089422,0.00109051254089422,0.00109051254089422,0.00109051254089422,0.00109051254089422,0.00109051254089422,0.00109051254089422,0.00109051254089422,0.00109051254089422
DCDL-0017204A,0.00109051254089422,0.00109051254089422,0.00109051254089422,0.982551799345692,0.00109051254089422,0.00109051254089422,0.00109051254089422,0.00109051254089422,0.00109051254089422,0.00109051254089422,0.00109051254089422,0.00109051254089422,0.00109051254089422,0.00109051254089422,0.00109051254089422,0.00109051254089422,0.00109051254089422
DCDL-0017205,0.119179163378058,0.000789265982636148,0.198105761641673,0.000789265982636148,0.000789265982636148,0.000789265982636148,0.000789265982636148,0.000789265982636148,0.000789265982636148,0.000789265982636148,0.000789265982636148,0.000789265982636148,0.079715864246251,0.000789265982636148,0.592738752959747,0.000789265982636148,0.000789265982636148
DCDL-0017206,0.000856898029134533,0.0865467009425878,0.000856898029134533,0.000856898029134533,0.000856898029134533,0.000856898029134533,0.386461011139674,0.000856898029134533,0.000856898029134533,0.000856898029134533,0.000856898029134533,0.000856898029134533,0.000856898029134533,0.343616109682948,0.172236503856041,0.000856898029134533,0.000856898029134533
DCDL-0017207,0.000705716302046577,0.000705716302046577,0.000705716302046577,0.000705716302046577,0.000705716302046577,0.000705716302046577,0.000705716302046577,0.000705716302046577,0.000705716302046577,0.0712773465067043,0.000705716302046577,0.353563867325335,0.000705716302046577,0.000705716302046577,0.247706422018349,0.000705716302046577,0.318278052223006
DCDL-0017208,0.000659195781147001,0.000659195781147001,0.560975609756098,0.000659195781147001,0.000659195781147001,0.000659195781147001,0.363216875411997,0.000659195781147001,0.0665787738958471,0.000659195781147001,0.000659195781147001,0.000659195781147001,0.000659195781147001,0.000659195781147001,0.000659195781147001,0.000659195781147001,0.000659195781147001
DCDL-0017209,0.000535618639528656,0.000535618639528656,0.000535618639528656,0.0273165506159614,0.000535618639528656,0.000535618639528656,0.000535618639528656,0.000535618639528656,0.000535618639528656,0.000535618639528656,0.000535618639528656,0.750401713979647,0.000535618639528656,0.000535618639528656,0.214783074450991,0.000535618639528656,0.000535618639528656
DCDL-0017209A,0.000535618639528656,0.000535618639528656,0.000535618639528656,0.000535618639528656,0.000535618639528656,0.000535618639528656,0.000535618639528656,0.000535618639528656,0.000535618639528656,0.000535618639528656,0.000535618639528656,0.750401713979647,0.000535618639528656,0.000535618639528656,0.241564006427424,0.000535618639528656,0.000535618639528656
DCDL-0017210,0.0993117010816126,0.000983284169124877,0.000983284169124877,0.000983284169124877,0.1976401179941,0.000983284169124877,0.000983284169124877,0.000983284169124877,0.000983284169124877,0.1976401179941,0.000983284169124877,0.000983284169124877,0.000983284169124877,0.000983284169124877,0.492625368731563,0.000983284169124877,0.000983284169124877
DCDL-0017211,0.000983284169124877,0.000983284169124877,0.000983284169124877,0.000983284169124877,0.000983284169124877,0.000983284169124877,0.000983284169124877,0.000983284169124877,0.000983284169124877,0.000983284169124877,0.000983284169124877,0.000983284169124877,0.000983284169124877,0.492625368731563,0.000983284169124877,0.0501474926253687,0.44346116027532
DCDL-0017215,0.00139470013947001,0.00139470013947001,0.00139470013947001,0.419804741980474,0.00139470013947001,0.00139470013947001,0.00139470013947001,0.00139470013947001,0.00139470013947001,0.00139470013947001,0.00139470013947001,0.559274755927476,0.00139470013947001,0.00139470013947001,0.00139470013947001,0.00139470013947001,0.00139470013947001
DCDL-0017216,0.00109051254089422,0.00109051254089422,0.00109051254089422,0.437295528898582,0.00109051254089422,0.00109051254089422,0.00109051254089422,0.00109051254089422,0.00109051254089422,0.00109051254089422,0.00109051254089422,0.00109051254089422,0.00109051254089422,0.00109051254089422,0.546346782988004,0.00109051254089422,0.00109051254089422
DCDL-0017217,0.00109051254089422,0.382769901853871,0.546346782988004,0.00109051254089422,0.00109051254089422,0.00109051254089422,0.00109051254089422,0.00109051254089422,0.00109051254089422,0.00109051254089422,0.00109051254089422,0.0556161395856052,0.00109051254089422,0.00109051254089422,0.00109051254089422,0.00109051254089422,0.00109051254089422
DCDL-0017219,0.00103412616339193,0.00103412616339193,0.00103412616339193,0.00103412616339193,0.00103412616339193,0.00103412616339193,0.00103412616339193,0.00103412616339193,0.00103412616339193,0.00103412616339193,0.00103412616339193,0.0527404343329886,0.00103412616339193,0.00103412616339193,0.931747673216132,0.00103412616339193,0.00103412616339193
DCDL-0017222,0.000983284169124877,0.000983284169124877,0.000983284169124877,0.000983284169124877,0.000983284169124877,0.000983284169124877,0.000983284169124877,0.000983284169124877,0.000983284169124877,0.000983284169124877,0.000983284169124877,0.000983284169124877,0.394296951819076,0.295968534906588,0.1976401179941,0.000983284169124877,0.0993117010816126
