identifier,servus_bonus_dominus_domina_medicus_ancilla_video,urbs_miles_domus_pater_totus_neo_exercitus,urbs_romani_postquam_bellum_primus_chr_n,defendo_malus_finis_civitas_tandem_oppidum_subito,pugno_germanus_vir_nonne_bestia_harena_miser,deus_imperator_colo_agricola_ager_domus_romanus,facio_castra_legio_ito_exercitus_tempus_cognosco,amicus_lucius_marcus_video_alius_venio_campus,senatus_jubeo_aeneus_mors_periculum_tantus_filius,mercator_navis_pirata_ito_capio_italiae_alius,juvenis_alius_dominus_tonsor_servus_locus_ludo,romani_senator_publicus_consul_rex_populus_civis
LatinumB:1.1,0.85521582733813,0.000899280575539568,0.000899280575539568,0.000899280575539568,0.000899280575539568,0.000899280575539568,0.000899280575539568,0.000899280575539568,0.000899280575539568,0.135791366906475,0.000899280575539568,0.000899280575539568
LatinumB:1.2,0.988565488565489,0.00103950103950104,0.00103950103950104,0.00103950103950104,0.00103950103950104,0.00103950103950104,0.00103950103950104,0.00103950103950104,0.00103950103950104,0.00103950103950104,0.00103950103950104,0.00103950103950104
LatinumB:1.3,0.98723897911833,0.00116009280742459,0.00116009280742459,0.00116009280742459,0.00116009280742459,0.00116009280742459,0.00116009280742459,0.00116009280742459,0.00116009280742459,0.00116009280742459,0.00116009280742459,0.00116009280742459
LatinumB:1.4,0.983383685800604,0.00151057401812689,0.00151057401812689,0.00151057401812689,0.00151057401812689,0.00151057401812689,0.00151057401812689,0.00151057401812689,0.00151057401812689,0.00151057401812689,0.00151057401812689,0.00151057401812689
LatinumB:1.5,0.986453201970443,0.00123152709359606,0.00123152709359606,0.00123152709359606,0.00123152709359606,0.00123152709359606,0.00123152709359606,0.00123152709359606,0.00123152709359606,0.00123152709359606,0.00123152709359606,0.00123152709359606
LatinumB:2.1,0.991283676703645,0.000792393026941363,0.000792393026941363,0.000792393026941363,0.000792393026941363,0.000792393026941363,0.000792393026941363,0.000792393026941363,0.000792393026941363,0.000792393026941363,0.000792393026941363,0.000792393026941363
LatinumB:2.2,0.379261363636364,0.000473484848484848,0.000473484848484848,0.000473484848484848,0.000473484848484848,0.000473484848484848,0.000473484848484848,0.616003787878788,0.000473484848484848,0.000473484848484848,0.000473484848484848,0.000473484848484848
LatinumB:2.3,0.0999005964214712,0.000497017892644135,0.000497017892644135,0.000497017892644135,0.000497017892644135,0.596918489065606,0.000497017892644135,0.174453280318091,0.000497017892644135,0.000497017892644135,0.000497017892644135,0.124751491053678
LatinumB:3.1,0.000792393026941363,0.0800316957210777,0.000792393026941363,0.000792393026941363,0.000792393026941363,0.000792393026941363,0.000792393026941363,0.000792393026941363,0.000792393026941363,0.713946117274168,0.000792393026941363,0.198890649762282
LatinumB:3.2,0.00131233595800525,0.00131233595800525,0.00131233595800525,0.00131233595800525,0.00131233595800525,0.00131233595800525,0.00131233595800525,0.00131233595800525,0.00131233595800525,0.985564304461942,0.00131233595800525,0.00131233595800525
LatinumB:3.3,0.00116009280742459,0.00116009280742459,0.00116009280742459,0.0591647331786543,0.00116009280742459,0.291183294663573,0.00116009280742459,0.00116009280742459,0.00116009280742459,0.639211136890951,0.00116009280742459,0.00116009280742459
LatinumB:3.4,0.00276243093922652,0.00276243093922652,0.00276243093922652,0.00276243093922652,0.00276243093922652,0.831491712707182,0.00276243093922652,0.140883977900553,0.00276243093922652,0.00276243093922652,0.00276243093922652,0.00276243093922652
LatinumB:4.1,0.595514950166113,0.000276854928017719,0.000276854928017719,0.000276854928017719,0.000276854928017719,0.000276854928017719,0.000276854928017719,0.000276854928017719,0.000276854928017719,0.000276854928017719,0.194075304540421,0.207918050941307
LatinumB:5.1,0.000273074822501365,0.000273074822501365,0.000273074822501365,0.000273074822501365,0.000273074822501365,0.136810486073184,0.000273074822501365,0.5600764609503,0.000273074822501365,0.000273074822501365,0.000273074822501365,0.300655379574003
LatinumB:6.1,0.000214500214500215,0.0323895323895324,0.000214500214500215,0.000214500214500215,0.000214500214500215,0.000214500214500215,0.000214500214500215,0.107464607464607,0.0752895752895753,0.000214500214500215,0.000214500214500215,0.783140283140283
LatinumB:7.1,0.0276455510801904,0.0367997070670084,0.00018308311973636,0.0276455510801904,0.00018308311973636,0.00018308311973636,0.00018308311973636,0.897290369827902,0.00933723910655438,0.00018308311973636,0.00018308311973636,0.00018308311973636
LatinumB:8.1,0.00018308311973636,0.00018308311973636,0.00018308311973636,0.100878798974735,0.686744782131087,0.00018308311973636,0.00018308311973636,0.210728670816551,0.00018308311973636,0.00018308311973636,0.00018308311973636,0.00018308311973636
LatinumB:9.1,0.000280741156653565,0.000280741156653565,0.000280741156653565,0.140651319483436,0.43542953396968,0.000280741156653565,0.154688377316115,0.238910724312184,0.000280741156653565,0.000280741156653565,0.000280741156653565,0.0283548568220101
LatinumB:10.1,0.000262329485834208,0.18389296956978,0.000262329485834208,0.0789611752360965,0.000262329485834208,0.000262329485834208,0.000262329485834208,0.236358866736621,0.000262329485834208,0.000262329485834208,0.000262329485834208,0.498688352570829
LatinumB:11.1,0.00276243093922652,0.00276243093922652,0.140883977900553,0.00276243093922652,0.00276243093922652,0.00276243093922652,0.00276243093922652,0.279005524861878,0.00276243093922652,0.00276243093922652,0.55524861878453,0.00276243093922652
LatinumB:11.2,0.00381679389312977,0.00381679389312977,0.00381679389312977,0.00381679389312977,0.00381679389312977,0.00381679389312977,0.00381679389312977,0.00381679389312977,0.00381679389312977,0.00381679389312977,0.767175572519084,0.194656488549618
LatinumB:11.3,0.00320512820512821,0.00320512820512821,0.00320512820512821,0.00320512820512821,0.00320512820512821,0.00320512820512821,0.00320512820512821,0.00320512820512821,0.00320512820512821,0.00320512820512821,0.163461538461538,0.80448717948718
LatinumB:11.4,0.00242718446601942,0.00242718446601942,0.00242718446601942,0.00242718446601942,0.00242718446601942,0.00242718446601942,0.00242718446601942,0.00242718446601942,0.00242718446601942,0.00242718446601942,0.245145631067961,0.730582524271845
LatinumB:11.5,0.00892857142857143,0.00892857142857143,0.00892857142857143,0.00892857142857143,0.00892857142857143,0.00892857142857143,0.00892857142857143,0.00892857142857143,0.00892857142857143,0.00892857142857143,0.901785714285714,0.00892857142857143
LatinumB:11.6,0.001953125,0.001953125,0.001953125,0.001953125,0.001953125,0.001953125,0.197265625,0.001953125,0.001953125,0.001953125,0.783203125,0.001953125
LatinumB:11.7,0.00381679389312977,0.00381679389312977,0.00381679389312977,0.385496183206107,0.00381679389312977,0.00381679389312977,0.00381679389312977,0.00381679389312977,0.00381679389312977,0.00381679389312977,0.576335877862595,0.00381679389312977
LatinumB:11.8,0.218614718614719,0.00216450216450216,0.00216450216450216,0.00216450216450216,0.00216450216450216,0.00216450216450216,0.00216450216450216,0.00216450216450216,0.326839826839827,0.00216450216450216,0.435064935064935,0.00216450216450216
LatinumB:11.9,0.00242718446601942,0.00242718446601942,0.00242718446601942,0.00242718446601942,0.00242718446601942,0.00242718446601942,0.487864077669903,0.00242718446601942,0.00242718446601942,0.487864077669903,0.00242718446601942,0.00242718446601942
LatinumB:11.10,0.00276243093922652,0.00276243093922652,0.00276243093922652,0.00276243093922652,0.00276243093922652,0.00276243093922652,0.00276243093922652,0.00276243093922652,0.00276243093922652,0.00276243093922652,0.969613259668508,0.00276243093922652
LatinumB:11.11,0.00163398692810458,0.00163398692810458,0.00163398692810458,0.00163398692810458,0.00163398692810458,0.00163398692810458,0.00163398692810458,0.00163398692810458,0.00163398692810458,0.00163398692810458,0.98202614379085,0.00163398692810458
LatinumB:11.12,0.00617283950617284,0.00617283950617284,0.00617283950617284,0.00617283950617284,0.00617283950617284,0.00617283950617284,0.00617283950617284,0.00617283950617284,0.00617283950617284,0.00617283950617284,0.932098765432099,0.00617283950617284
LatinumB:11.13,0.00617283950617284,0.00617283950617284,0.00617283950617284,0.00617283950617284,0.00617283950617284,0.00617283950617284,0.00617283950617284,0.00617283950617284,0.00617283950617284,0.00617283950617284,0.932098765432099,0.00617283950617284
LatinumB:11.14,0.00242718446601942,0.00242718446601942,0.00242718446601942,0.00242718446601942,0.00242718446601942,0.366504854368932,0.00242718446601942,0.00242718446601942,0.00242718446601942,0.00242718446601942,0.609223300970874,0.00242718446601942
LatinumB:11.15,0.00471698113207547,0.00471698113207547,0.00471698113207547,0.00471698113207547,0.00471698113207547,0.94811320754717,0.00471698113207547,0.00471698113207547,0.00471698113207547,0.00471698113207547,0.00471698113207547,0.00471698113207547
LatinumB:11.16,0.00471698113207547,0.00471698113207547,0.00471698113207547,0.00471698113207547,0.00471698113207547,0.00471698113207547,0.712264150943396,0.00471698113207547,0.00471698113207547,0.00471698113207547,0.240566037735849,0.00471698113207547
LatinumB:12.1,0.00177935943060498,0.00177935943060498,0.5355871886121,0.00177935943060498,0.00177935943060498,0.446619217081851,0.00177935943060498,0.00177935943060498,0.00177935943060498,0.00177935943060498,0.00177935943060498,0.00177935943060498
LatinumB:12.2,0.00320512820512821,0.00320512820512821,0.00320512820512821,0.00320512820512821,0.00320512820512821,0.644230769230769,0.00320512820512821,0.00320512820512821,0.00320512820512821,0.00320512820512821,0.323717948717949,0.00320512820512821
LatinumB:12.3,0.00320512820512821,0.00320512820512821,0.00320512820512821,0.00320512820512821,0.163461538461538,0.00320512820512821,0.00320512820512821,0.00320512820512821,0.00320512820512821,0.483974358974359,0.323717948717949,0.00320512820512821
LatinumB:12.4,0.00276243093922652,0.00276243093922652,0.00276243093922652,0.00276243093922652,0.00276243093922652,0.00276243093922652,0.00276243093922652,0.00276243093922652,0.00276243093922652,0.00276243093922652,0.969613259668508,0.00276243093922652
LatinumB:12.5,0.00381679389312977,0.00381679389312977,0.958015267175573,0.00381679389312977,0.00381679389312977,0.00381679389312977,0.00381679389312977,0.00381679389312977,0.00381679389312977,0.00381679389312977,0.00381679389312977,0.00381679389312977
LatinumB:12.6,0.00276243093922652,0.00276243093922652,0.00276243093922652,0.00276243093922652,0.00276243093922652,0.55524861878453,0.00276243093922652,0.00276243093922652,0.00276243093922652,0.00276243093922652,0.417127071823204,0.00276243093922652
LatinumB:12.7,0.00471698113207547,0.00471698113207547,0.00471698113207547,0.476415094339623,0.00471698113207547,0.476415094339623,0.00471698113207547,0.00471698113207547,0.00471698113207547,0.00471698113207547,0.00471698113207547,0.00471698113207547
LatinumB:12.8,0.00617283950617284,0.00617283950617284,0.00617283950617284,0.00617283950617284,0.00617283950617284,0.00617283950617284,0.00617283950617284,0.00617283950617284,0.932098765432099,0.00617283950617284,0.00617283950617284,0.00617283950617284
LatinumB:12.9,0.00471698113207547,0.00471698113207547,0.00471698113207547,0.00471698113207547,0.476415094339623,0.00471698113207547,0.00471698113207547,0.00471698113207547,0.476415094339623,0.00471698113207547,0.00471698113207547,0.00471698113207547
LatinumB:12.10,0.00892857142857143,0.00892857142857143,0.00892857142857143,0.00892857142857143,0.00892857142857143,0.00892857142857143,0.00892857142857143,0.901785714285714,0.00892857142857143,0.00892857142857143,0.00892857142857143,0.00892857142857143
LatinumB:12.11,0.00242718446601942,0.00242718446601942,0.00242718446601942,0.00242718446601942,0.487864077669903,0.00242718446601942,0.00242718446601942,0.00242718446601942,0.487864077669903,0.00242718446601942,0.00242718446601942,0.00242718446601942
LatinumB:13.1,0.00163398692810458,0.00163398692810458,0.573529411764706,0.00163398692810458,0.00163398692810458,0.00163398692810458,0.00163398692810458,0.165032679738562,0.00163398692810458,0.00163398692810458,0.00163398692810458,0.246732026143791
LatinumB:13.2,0.00381679389312977,0.00381679389312977,0.767175572519084,0.00381679389312977,0.00381679389312977,0.00381679389312977,0.00381679389312977,0.00381679389312977,0.00381679389312977,0.194656488549618,0.00381679389312977,0.00381679389312977
LatinumB:13.3,0.00471698113207547,0.00471698113207547,0.712264150943396,0.00471698113207547,0.00471698113207547,0.00471698113207547,0.00471698113207547,0.00471698113207547,0.240566037735849,0.00471698113207547,0.00471698113207547,0.00471698113207547
LatinumB:13.4,0.00320512820512821,0.00320512820512821,0.644230769230769,0.00320512820512821,0.00320512820512821,0.323717948717949,0.00320512820512821,0.00320512820512821,0.00320512820512821,0.00320512820512821,0.00320512820512821,0.00320512820512821
LatinumB:13.5,0.00892857142857143,0.00892857142857143,0.901785714285714,0.00892857142857143,0.00892857142857143,0.00892857142857143,0.00892857142857143,0.00892857142857143,0.00892857142857143,0.00892857142857143,0.00892857142857143,0.00892857142857143
LatinumB:13.6,0.00471698113207547,0.00471698113207547,0.00471698113207547,0.00471698113207547,0.00471698113207547,0.00471698113207547,0.94811320754717,0.00471698113207547,0.00471698113207547,0.00471698113207547,0.00471698113207547,0.00471698113207547
LatinumB:13.7,0.00381679389312977,0.00381679389312977,0.00381679389312977,0.00381679389312977,0.00381679389312977,0.00381679389312977,0.00381679389312977,0.00381679389312977,0.767175572519084,0.00381679389312977,0.00381679389312977,0.194656488549618
LatinumB:13.8,0.00320512820512821,0.00320512820512821,0.644230769230769,0.00320512820512821,0.00320512820512821,0.00320512820512821,0.323717948717949,0.00320512820512821,0.00320512820512821,0.00320512820512821,0.00320512820512821,0.00320512820512821
LatinumB:13.9,0.00151057401812689,0.00151057401812689,0.00151057401812689,0.00151057401812689,0.00151057401812689,0.00151057401812689,0.303625377643505,0.00151057401812689,0.303625377643505,0.152567975830816,0.00151057401812689,0.22809667673716
LatinumB:13.10,0.00892857142857143,0.00892857142857143,0.00892857142857143,0.00892857142857143,0.00892857142857143,0.00892857142857143,0.901785714285714,0.00892857142857143,0.00892857142857143,0.00892857142857143,0.00892857142857143,0.00892857142857143
LatinumB:13.11,0.00381679389312977,0.00381679389312977,0.00381679389312977,0.00381679389312977,0.00381679389312977,0.00381679389312977,0.385496183206107,0.00381679389312977,0.00381679389312977,0.00381679389312977,0.576335877862595,0.00381679389312977
LatinumB:13.12,0.00892857142857143,0.00892857142857143,0.00892857142857143,0.455357142857143,0.00892857142857143,0.00892857142857143,0.00892857142857143,0.00892857142857143,0.455357142857143,0.00892857142857143,0.00892857142857143,0.00892857142857143
LatinumB:13.13,0.00381679389312977,0.00381679389312977,0.00381679389312977,0.00381679389312977,0.00381679389312977,0.00381679389312977,0.194656488549618,0.00381679389312977,0.767175572519084,0.00381679389312977,0.00381679389312977,0.00381679389312977
LatinumB:14.1,0.00216450216450216,0.00216450216450216,0.976190476190476,0.00216450216450216,0.00216450216450216,0.00216450216450216,0.00216450216450216,0.00216450216450216,0.00216450216450216,0.00216450216450216,0.00216450216450216,0.00216450216450216
LatinumB:14.2,0.00471698113207547,0.00471698113207547,0.00471698113207547,0.00471698113207547,0.00471698113207547,0.00471698113207547,0.00471698113207547,0.00471698113207547,0.00471698113207547,0.94811320754717,0.00471698113207547,0.00471698113207547
LatinumB:14.3,0.00320512820512821,0.00320512820512821,0.96474358974359,0.00320512820512821,0.00320512820512821,0.00320512820512821,0.00320512820512821,0.00320512820512821,0.00320512820512821,0.00320512820512821,0.00320512820512821,0.00320512820512821
LatinumB:14.4,0.00320512820512821,0.00320512820512821,0.80448717948718,0.163461538461538,0.00320512820512821,0.00320512820512821,0.00320512820512821,0.00320512820512821,0.00320512820512821,0.00320512820512821,0.00320512820512821,0.00320512820512821
LatinumB:14.5,0.00471698113207547,0.00471698113207547,0.00471698113207547,0.00471698113207547,0.00471698113207547,0.00471698113207547,0.00471698113207547,0.00471698113207547,0.240566037735849,0.476415094339623,0.240566037735849,0.00471698113207547
LatinumB:14.6,0.00276243093922652,0.831491712707182,0.00276243093922652,0.00276243093922652,0.00276243093922652,0.00276243093922652,0.00276243093922652,0.140883977900553,0.00276243093922652,0.00276243093922652,0.00276243093922652,0.00276243093922652
LatinumB:14.7,0.00276243093922652,0.00276243093922652,0.00276243093922652,0.00276243093922652,0.00276243093922652,0.00276243093922652,0.00276243093922652,0.00276243093922652,0.831491712707182,0.00276243093922652,0.140883977900553,0.00276243093922652
LatinumB:14.8,0.00617283950617284,0.00617283950617284,0.00617283950617284,0.00617283950617284,0.00617283950617284,0.00617283950617284,0.00617283950617284,0.00617283950617284,0.932098765432099,0.00617283950617284,0.00617283950617284,0.00617283950617284
LatinumB:14.9,0.00320512820512821,0.00320512820512821,0.00320512820512821,0.00320512820512821,0.00320512820512821,0.00320512820512821,0.00320512820512821,0.00320512820512821,0.00320512820512821,0.00320512820512821,0.00320512820512821,0.96474358974359
LatinumB:14.10,0.00471698113207547,0.00471698113207547,0.476415094339623,0.00471698113207547,0.00471698113207547,0.00471698113207547,0.00471698113207547,0.00471698113207547,0.476415094339623,0.00471698113207547,0.00471698113207547,0.00471698113207547
LatinumB:15.1,0.00242718446601942,0.245145631067961,0.730582524271845,0.00242718446601942,0.00242718446601942,0.00242718446601942,0.00242718446601942,0.00242718446601942,0.00242718446601942,0.00242718446601942,0.00242718446601942,0.00242718446601942
LatinumB:15.2,0.00140449438202247,0.00140449438202247,0.00140449438202247,0.00140449438202247,0.00140449438202247,0.00140449438202247,0.35252808988764,0.00140449438202247,0.00140449438202247,0.00140449438202247,0.00140449438202247,0.633426966292135
LatinumB:15.3,0.00617283950617284,0.00617283950617284,0.314814814814815,0.00617283950617284,0.00617283950617284,0.623456790123457,0.00617283950617284,0.00617283950617284,0.00617283950617284,0.00617283950617284,0.00617283950617284,0.00617283950617284
LatinumB:15.4,0.0161290322580645,0.82258064516129,0.0161290322580645,0.0161290322580645,0.0161290322580645,0.0161290322580645,0.0161290322580645,0.0161290322580645,0.0161290322580645,0.0161290322580645,0.0161290322580645,0.0161290322580645
LatinumB:15.5,0.00320512820512821,0.00320512820512821,0.644230769230769,0.00320512820512821,0.00320512820512821,0.00320512820512821,0.00320512820512821,0.00320512820512821,0.00320512820512821,0.00320512820512821,0.323717948717949,0.00320512820512821
LatinumB:15.6,0.00381679389312977,0.00381679389312977,0.00381679389312977,0.00381679389312977,0.00381679389312977,0.767175572519084,0.00381679389312977,0.00381679389312977,0.194656488549618,0.00381679389312977,0.00381679389312977,0.00381679389312977
LatinumB:15.7,0.00140449438202247,0.00140449438202247,0.212078651685393,0.00140449438202247,0.0716292134831461,0.422752808988764,0.00140449438202247,0.00140449438202247,0.00140449438202247,0.14185393258427,0.00140449438202247,0.14185393258427
LatinumB:15.8,0.00320512820512821,0.00320512820512821,0.00320512820512821,0.00320512820512821,0.00320512820512821,0.644230769230769,0.00320512820512821,0.00320512820512821,0.00320512820512821,0.00320512820512821,0.00320512820512821,0.323717948717949
LatinumB:15.9,0.00381679389312977,0.00381679389312977,0.385496183206107,0.00381679389312977,0.00381679389312977,0.576335877862595,0.00381679389312977,0.00381679389312977,0.00381679389312977,0.00381679389312977,0.00381679389312977,0.00381679389312977
LatinumB:15.10,0.00617283950617284,0.00617283950617284,0.00617283950617284,0.00617283950617284,0.314814814814815,0.623456790123457,0.00617283950617284,0.00617283950617284,0.00617283950617284,0.00617283950617284,0.00617283950617284,0.00617283950617284
LatinumB:16.1,0.00216450216450216,0.00216450216450216,0.543290043290043,0.00216450216450216,0.00216450216450216,0.00216450216450216,0.00216450216450216,0.00216450216450216,0.00216450216450216,0.00216450216450216,0.00216450216450216,0.435064935064935
LatinumB:16.2,0.0161290322580645,0.0161290322580645,0.0161290322580645,0.0161290322580645,0.0161290322580645,0.0161290322580645,0.0161290322580645,0.0161290322580645,0.0161290322580645,0.82258064516129,0.0161290322580645,0.0161290322580645
LatinumB:16.3,0.00320512820512821,0.00320512820512821,0.00320512820512821,0.00320512820512821,0.00320512820512821,0.163461538461538,0.00320512820512821,0.00320512820512821,0.80448717948718,0.00320512820512821,0.00320512820512821,0.00320512820512821
LatinumB:16.4,0.00381679389312977,0.00381679389312977,0.194656488549618,0.767175572519084,0.00381679389312977,0.00381679389312977,0.00381679389312977,0.00381679389312977,0.00381679389312977,0.00381679389312977,0.00381679389312977,0.00381679389312977
LatinumB:16.5,0.00892857142857143,0.00892857142857143,0.00892857142857143,0.00892857142857143,0.901785714285714,0.00892857142857143,0.00892857142857143,0.00892857142857143,0.00892857142857143,0.00892857142857143,0.00892857142857143,0.00892857142857143
LatinumB:16.6,0.00381679389312977,0.00381679389312977,0.00381679389312977,0.958015267175573,0.00381679389312977,0.00381679389312977,0.00381679389312977,0.00381679389312977,0.00381679389312977,0.00381679389312977,0.00381679389312977,0.00381679389312977
LatinumB:16.7,0.00617283950617284,0.00617283950617284,0.00617283950617284,0.932098765432099,0.00617283950617284,0.00617283950617284,0.00617283950617284,0.00617283950617284,0.00617283950617284,0.00617283950617284,0.00617283950617284,0.00617283950617284
LatinumB:16.8,0.00381679389312977,0.00381679389312977,0.00381679389312977,0.00381679389312977,0.00381679389312977,0.00381679389312977,0.385496183206107,0.00381679389312977,0.576335877862595,0.00381679389312977,0.00381679389312977,0.00381679389312977
LatinumB:16.9,0.00892857142857143,0.00892857142857143,0.00892857142857143,0.455357142857143,0.00892857142857143,0.00892857142857143,0.00892857142857143,0.00892857142857143,0.455357142857143,0.00892857142857143,0.00892857142857143,0.00892857142857143
LatinumB:16.10,0.00892857142857143,0.00892857142857143,0.00892857142857143,0.00892857142857143,0.00892857142857143,0.00892857142857143,0.00892857142857143,0.901785714285714,0.00892857142857143,0.00892857142857143,0.00892857142857143,0.00892857142857143
LatinumB:16.11,0.0161290322580645,0.0161290322580645,0.0161290322580645,0.0161290322580645,0.0161290322580645,0.0161290322580645,0.0161290322580645,0.0161290322580645,0.0161290322580645,0.0161290322580645,0.0161290322580645,0.82258064516129
LatinumB:16.12,0.0161290322580645,0.0161290322580645,0.0161290322580645,0.0161290322580645,0.0161290322580645,0.0161290322580645,0.82258064516129,0.0161290322580645,0.0161290322580645,0.0161290322580645,0.0161290322580645,0.0161290322580645
LatinumB:16.13,0.00320512820512821,0.00320512820512821,0.00320512820512821,0.96474358974359,0.00320512820512821,0.00320512820512821,0.00320512820512821,0.00320512820512821,0.00320512820512821,0.00320512820512821,0.00320512820512821,0.00320512820512821
LatinumB:16.14,0.00471698113207547,0.94811320754717,0.00471698113207547,0.00471698113207547,0.00471698113207547,0.00471698113207547,0.00471698113207547,0.00471698113207547,0.00471698113207547,0.00471698113207547,0.00471698113207547,0.00471698113207547
LatinumB:16.15,0.00617283950617284,0.00617283950617284,0.00617283950617284,0.00617283950617284,0.00617283950617284,0.00617283950617284,0.00617283950617284,0.00617283950617284,0.00617283950617284,0.00617283950617284,0.00617283950617284,0.932098765432099
LatinumB:16.16,0.001953125,0.001953125,0.001953125,0.294921875,0.001953125,0.001953125,0.001953125,0.001953125,0.001953125,0.001953125,0.001953125,0.685546875
LatinumB:16.17,0.00276243093922652,0.00276243093922652,0.279005524861878,0.00276243093922652,0.693370165745856,0.00276243093922652,0.00276243093922652,0.00276243093922652,0.00276243093922652,0.00276243093922652,0.00276243093922652,0.00276243093922652
LatinumB:16.18,0.00617283950617284,0.00617283950617284,0.00617283950617284,0.00617283950617284,0.00617283950617284,0.00617283950617284,0.00617283950617284,0.00617283950617284,0.932098765432099,0.00617283950617284,0.00617283950617284,0.00617283950617284
LatinumB:16.19,0.0833333333333333,0.0833333333333333,0.0833333333333333,0.0833333333333333,0.0833333333333333,0.0833333333333333,0.0833333333333333,0.0833333333333333,0.0833333333333333,0.0833333333333333,0.0833333333333333,0.0833333333333333
LatinumB:16.20,0.00151057401812689,0.303625377643505,0.00151057401812689,0.00151057401812689,0.00151057401812689,0.00151057401812689,0.152567975830816,0.00151057401812689,0.00151057401812689,0.00151057401812689,0.00151057401812689,0.530211480362538
LatinumB:17.1,0.00216450216450216,0.00216450216450216,0.543290043290043,0.218614718614719,0.00216450216450216,0.00216450216450216,0.00216450216450216,0.00216450216450216,0.00216450216450216,0.218614718614719,0.00216450216450216,0.00216450216450216
LatinumB:17.2,0.00471698113207547,0.00471698113207547,0.94811320754717,0.00471698113207547,0.00471698113207547,0.00471698113207547,0.00471698113207547,0.00471698113207547,0.00471698113207547,0.00471698113207547,0.00471698113207547,0.00471698113207547
LatinumB:17.3,0.00617283950617284,0.00617283950617284,0.00617283950617284,0.00617283950617284,0.623456790123457,0.00617283950617284,0.00617283950617284,0.00617283950617284,0.00617283950617284,0.314814814814815,0.00617283950617284,0.00617283950617284
LatinumB:17.4,0.00242718446601942,0.00242718446601942,0.00242718446601942,0.00242718446601942,0.00242718446601942,0.00242718446601942,0.00242718446601942,0.00242718446601942,0.00242718446601942,0.973300970873786,0.00242718446601942,0.00242718446601942
LatinumB:17.5,0.00381679389312977,0.00381679389312977,0.00381679389312977,0.00381679389312977,0.00381679389312977,0.00381679389312977,0.385496183206107,0.00381679389312977,0.00381679389312977,0.576335877862595,0.00381679389312977,0.00381679389312977
LatinumB:17.6,0.00892857142857143,0.00892857142857143,0.00892857142857143,0.00892857142857143,0.901785714285714,0.00892857142857143,0.00892857142857143,0.00892857142857143,0.00892857142857143,0.00892857142857143,0.00892857142857143,0.00892857142857143
LatinumB:17.7,0.00381679389312977,0.00381679389312977,0.00381679389312977,0.00381679389312977,0.00381679389312977,0.00381679389312977,0.00381679389312977,0.00381679389312977,0.00381679389312977,0.385496183206107,0.00381679389312977,0.576335877862595
LatinumB:17.8,0.00617283950617284,0.623456790123457,0.00617283950617284,0.00617283950617284,0.314814814814815,0.00617283950617284,0.00617283950617284,0.00617283950617284,0.00617283950617284,0.00617283950617284,0.00617283950617284,0.00617283950617284
LatinumB:17.9,0.00617283950617284,0.00617283950617284,0.00617283950617284,0.00617283950617284,0.00617283950617284,0.00617283950617284,0.00617283950617284,0.00617283950617284,0.00617283950617284,0.623456790123457,0.00617283950617284,0.314814814814815
LatinumB:17.10,0.00471698113207547,0.94811320754717,0.00471698113207547,0.00471698113207547,0.00471698113207547,0.00471698113207547,0.00471698113207547,0.00471698113207547,0.00471698113207547,0.00471698113207547,0.00471698113207547,0.00471698113207547
LatinumB:17.11,0.00242718446601942,0.00242718446601942,0.366504854368932,0.00242718446601942,0.00242718446601942,0.00242718446601942,0.00242718446601942,0.00242718446601942,0.00242718446601942,0.609223300970874,0.00242718446601942,0.00242718446601942
LatinumB:18.1,0.00276243093922652,0.00276243093922652,0.00276243093922652,0.00276243093922652,0.00276243093922652,0.00276243093922652,0.00276243093922652,0.140883977900553,0.831491712707182,0.00276243093922652,0.00276243093922652,0.00276243093922652
LatinumB:18.2,0.00381679389312977,0.00381679389312977,0.00381679389312977,0.194656488549618,0.00381679389312977,0.194656488549618,0.00381679389312977,0.00381679389312977,0.194656488549618,0.00381679389312977,0.385496183206107,0.00381679389312977
LatinumB:18.3,0.00320512820512821,0.00320512820512821,0.323717948717949,0.323717948717949,0.00320512820512821,0.323717948717949,0.00320512820512821,0.00320512820512821,0.00320512820512821,0.00320512820512821,0.00320512820512821,0.00320512820512821
LatinumB:18.4,0.00177935943060498,0.179715302491103,0.00177935943060498,0.00177935943060498,0.00177935943060498,0.00177935943060498,0.00177935943060498,0.00177935943060498,0.802491103202847,0.00177935943060498,0.00177935943060498,0.00177935943060498
LatinumB:18.5,0.00617283950617284,0.00617283950617284,0.00617283950617284,0.00617283950617284,0.00617283950617284,0.00617283950617284,0.932098765432099,0.00617283950617284,0.00617283950617284,0.00617283950617284,0.00617283950617284,0.00617283950617284
LatinumB:18.6,0.00276243093922652,0.00276243093922652,0.00276243093922652,0.00276243093922652,0.00276243093922652,0.00276243093922652,0.00276243093922652,0.00276243093922652,0.00276243093922652,0.969613259668508,0.00276243093922652,0.00276243093922652
LatinumB:18.7,0.194656488549618,0.00381679389312977,0.00381679389312977,0.194656488549618,0.00381679389312977,0.00381679389312977,0.00381679389312977,0.00381679389312977,0.576335877862595,0.00381679389312977,0.00381679389312977,0.00381679389312977
LatinumB:18.8,0.00381679389312977,0.00381679389312977,0.00381679389312977,0.00381679389312977,0.00381679389312977,0.00381679389312977,0.00381679389312977,0.00381679389312977,0.194656488549618,0.00381679389312977,0.00381679389312977,0.767175572519084
LatinumB:18.9,0.00242718446601942,0.00242718446601942,0.00242718446601942,0.00242718446601942,0.00242718446601942,0.00242718446601942,0.00242718446601942,0.245145631067961,0.12378640776699,0.609223300970874,0.00242718446601942,0.00242718446601942
LatinumB:18.10,0.00617283950617284,0.00617283950617284,0.00617283950617284,0.00617283950617284,0.00617283950617284,0.00617283950617284,0.00617283950617284,0.00617283950617284,0.00617283950617284,0.932098765432099,0.00617283950617284,0.00617283950617284
LatinumB:19.1,0.00242718446601942,0.00242718446601942,0.00242718446601942,0.00242718446601942,0.00242718446601942,0.609223300970874,0.00242718446601942,0.00242718446601942,0.366504854368932,0.00242718446601942,0.00242718446601942,0.00242718446601942
LatinumB:19.2,0.00471698113207547,0.00471698113207547,0.00471698113207547,0.00471698113207547,0.00471698113207547,0.00471698113207547,0.00471698113207547,0.00471698113207547,0.712264150943396,0.00471698113207547,0.240566037735849,0.00471698113207547
LatinumB:19.3,0.00381679389312977,0.00381679389312977,0.00381679389312977,0.00381679389312977,0.00381679389312977,0.00381679389312977,0.00381679389312977,0.00381679389312977,0.958015267175573,0.00381679389312977,0.00381679389312977,0.00381679389312977
LatinumB:19.4,0.0161290322580645,0.0161290322580645,0.0161290322580645,0.0161290322580645,0.0161290322580645,0.0161290322580645,0.0161290322580645,0.0161290322580645,0.82258064516129,0.0161290322580645,0.0161290322580645,0.0161290322580645
LatinumB:19.5,0.00471698113207547,0.00471698113207547,0.240566037735849,0.00471698113207547,0.00471698113207547,0.00471698113207547,0.00471698113207547,0.00471698113207547,0.712264150943396,0.00471698113207547,0.00471698113207547,0.00471698113207547
LatinumB:19.6,0.00381679389312977,0.00381679389312977,0.00381679389312977,0.00381679389312977,0.194656488549618,0.00381679389312977,0.00381679389312977,0.00381679389312977,0.767175572519084,0.00381679389312977,0.00381679389312977,0.00381679389312977
LatinumB:19.7,0.00381679389312977,0.00381679389312977,0.00381679389312977,0.00381679389312977,0.00381679389312977,0.767175572519084,0.00381679389312977,0.00381679389312977,0.194656488549618,0.00381679389312977,0.00381679389312977,0.00381679389312977
LatinumB:19.8,0.00381679389312977,0.385496183206107,0.00381679389312977,0.00381679389312977,0.00381679389312977,0.00381679389312977,0.00381679389312977,0.576335877862595,0.00381679389312977,0.00381679389312977,0.00381679389312977,0.00381679389312977
LatinumB:19.9,0.00381679389312977,0.194656488549618,0.00381679389312977,0.00381679389312977,0.00381679389312977,0.00381679389312977,0.00381679389312977,0.194656488549618,0.00381679389312977,0.576335877862595,0.00381679389312977,0.00381679389312977
LatinumB:19.10,0.00471698113207547,0.00471698113207547,0.00471698113207547,0.00471698113207547,0.476415094339623,0.00471698113207547,0.00471698113207547,0.00471698113207547,0.476415094339623,0.00471698113207547,0.00471698113207547,0.00471698113207547
LatinumB:19.11,0.00892857142857143,0.00892857142857143,0.00892857142857143,0.00892857142857143,0.00892857142857143,0.00892857142857143,0.901785714285714,0.00892857142857143,0.00892857142857143,0.00892857142857143,0.00892857142857143,0.00892857142857143
LatinumB:19.12,0.00471698113207547,0.00471698113207547,0.00471698113207547,0.00471698113207547,0.00471698113207547,0.00471698113207547,0.00471698113207547,0.00471698113207547,0.94811320754717,0.00471698113207547,0.00471698113207547,0.00471698113207547
LatinumB:19.13,0.00471698113207547,0.00471698113207547,0.00471698113207547,0.00471698113207547,0.00471698113207547,0.00471698113207547,0.00471698113207547,0.00471698113207547,0.712264150943396,0.00471698113207547,0.00471698113207547,0.240566037735849
LatinumB:20.1,0.240566037735849,0.00471698113207547,0.00471698113207547,0.240566037735849,0.00471698113207547,0.00471698113207547,0.00471698113207547,0.00471698113207547,0.240566037735849,0.00471698113207547,0.240566037735849,0.00471698113207547
LatinumB:20.2,0.00471698113207547,0.712264150943396,0.00471698113207547,0.00471698113207547,0.00471698113207547,0.00471698113207547,0.00471698113207547,0.00471698113207547,0.00471698113207547,0.240566037735849,0.00471698113207547,0.00471698113207547
LatinumB:20.3,0.00381679389312977,0.00381679389312977,0.385496183206107,0.00381679389312977,0.00381679389312977,0.576335877862595,0.00381679389312977,0.00381679389312977,0.00381679389312977,0.00381679389312977,0.00381679389312977,0.00381679389312977
LatinumB:20.4,0.00381679389312977,0.00381679389312977,0.00381679389312977,0.00381679389312977,0.00381679389312977,0.00381679389312977,0.00381679389312977,0.00381679389312977,0.958015267175573,0.00381679389312977,0.00381679389312977,0.00381679389312977
LatinumB:20.5,0.0161290322580645,0.0161290322580645,0.0161290322580645,0.0161290322580645,0.0161290322580645,0.0161290322580645,0.0161290322580645,0.0161290322580645,0.0161290322580645,0.0161290322580645,0.0161290322580645,0.82258064516129
LatinumB:20.6,0.00320512820512821,0.00320512820512821,0.163461538461538,0.00320512820512821,0.00320512820512821,0.00320512820512821,0.00320512820512821,0.00320512820512821,0.483974358974359,0.00320512820512821,0.00320512820512821,0.323717948717949
LatinumB:20.7,0.00892857142857143,0.00892857142857143,0.00892857142857143,0.00892857142857143,0.00892857142857143,0.00892857142857143,0.00892857142857143,0.00892857142857143,0.901785714285714,0.00892857142857143,0.00892857142857143,0.00892857142857143
LatinumB:20.8,0.00471698113207547,0.00471698113207547,0.00471698113207547,0.94811320754717,0.00471698113207547,0.00471698113207547,0.00471698113207547,0.00471698113207547,0.00471698113207547,0.00471698113207547,0.00471698113207547,0.00471698113207547
LatinumB:20.9,0.00617283950617284,0.00617283950617284,0.00617283950617284,0.00617283950617284,0.00617283950617284,0.00617283950617284,0.00617283950617284,0.314814814814815,0.623456790123457,0.00617283950617284,0.00617283950617284,0.00617283950617284
LatinumB:20.10,0.194656488549618,0.00381679389312977,0.00381679389312977,0.00381679389312977,0.00381679389312977,0.00381679389312977,0.00381679389312977,0.00381679389312977,0.385496183206107,0.00381679389312977,0.00381679389312977,0.385496183206107
LatinumB:20.11,0.00276243093922652,0.140883977900553,0.00276243093922652,0.00276243093922652,0.00276243093922652,0.279005524861878,0.00276243093922652,0.00276243093922652,0.00276243093922652,0.00276243093922652,0.00276243093922652,0.55524861878453
LatinumB:20.12,0.00617283950617284,0.00617283950617284,0.00617283950617284,0.00617283950617284,0.00617283950617284,0.00617283950617284,0.00617283950617284,0.00617283950617284,0.00617283950617284,0.932098765432099,0.00617283950617284,0.00617283950617284
LatinumB:20.13,0.0161290322580645,0.0161290322580645,0.0161290322580645,0.82258064516129,0.0161290322580645,0.0161290322580645,0.0161290322580645,0.0161290322580645,0.0161290322580645,0.0161290322580645,0.0161290322580645,0.0161290322580645
LatinumB:20.14,0.00381679389312977,0.385496183206107,0.00381679389312977,0.00381679389312977,0.00381679389312977,0.00381679389312977,0.576335877862595,0.00381679389312977,0.00381679389312977,0.00381679389312977,0.00381679389312977,0.00381679389312977
LatinumB:20.15,0.00216450216450216,0.00216450216450216,0.218614718614719,0.00216450216450216,0.00216450216450216,0.435064935064935,0.00216450216450216,0.00216450216450216,0.326839826839827,0.00216450216450216,0.00216450216450216,0.00216450216450216
LatinumB:20.16,0.00892857142857143,0.00892857142857143,0.455357142857143,0.00892857142857143,0.00892857142857143,0.00892857142857143,0.455357142857143,0.00892857142857143,0.00892857142857143,0.00892857142857143,0.00892857142857143,0.00892857142857143
LatinumB:20.17,0.00242718446601942,0.851941747572815,0.00242718446601942,0.00242718446601942,0.00242718446601942,0.00242718446601942,0.00242718446601942,0.00242718446601942,0.12378640776699,0.00242718446601942,0.00242718446601942,0.00242718446601942
LatinumB:20.18,0.00892857142857143,0.00892857142857143,0.00892857142857143,0.00892857142857143,0.00892857142857143,0.00892857142857143,0.00892857142857143,0.00892857142857143,0.00892857142857143,0.00892857142857143,0.00892857142857143,0.901785714285714
LatinumB:20.19,0.00471698113207547,0.00471698113207547,0.00471698113207547,0.00471698113207547,0.00471698113207547,0.00471698113207547,0.00471698113207547,0.476415094339623,0.476415094339623,0.00471698113207547,0.00471698113207547,0.00471698113207547
LatinumB:20.20,0.623456790123457,0.00617283950617284,0.00617283950617284,0.00617283950617284,0.314814814814815,0.00617283950617284,0.00617283950617284,0.00617283950617284,0.00617283950617284,0.00617283950617284,0.00617283950617284,0.00617283950617284
LatinumB:21.1,0.00892857142857143,0.455357142857143,0.00892857142857143,0.00892857142857143,0.455357142857143,0.00892857142857143,0.00892857142857143,0.00892857142857143,0.00892857142857143,0.00892857142857143,0.00892857142857143,0.00892857142857143
LatinumB:21.2,0.00242718446601942,0.973300970873786,0.00242718446601942,0.00242718446601942,0.00242718446601942,0.00242718446601942,0.00242718446601942,0.00242718446601942,0.00242718446601942,0.00242718446601942,0.00242718446601942,0.00242718446601942
LatinumB:21.3,0.00471698113207547,0.94811320754717,0.00471698113207547,0.00471698113207547,0.00471698113207547,0.00471698113207547,0.00471698113207547,0.00471698113207547,0.00471698113207547,0.00471698113207547,0.00471698113207547,0.00471698113207547
LatinumB:21.4,0.00617283950617284,0.00617283950617284,0.00617283950617284,0.00617283950617284,0.00617283950617284,0.932098765432099,0.00617283950617284,0.00617283950617284,0.00617283950617284,0.00617283950617284,0.00617283950617284,0.00617283950617284
LatinumB:22.1,0.00242718446601942,0.00242718446601942,0.00242718446601942,0.00242718446601942,0.00242718446601942,0.730582524271845,0.00242718446601942,0.245145631067961,0.00242718446601942,0.00242718446601942,0.00242718446601942,0.00242718446601942
