identifier,topic1,topic2,topic3,topic4,topic5,topic6,topic7,topic8,topic9,topic10,topic11,topic12,topic13,topic14
DCDL-0017174,0.00122699386503067,0.00122699386503067,0.00122699386503067,0.00122699386503067,0.00122699386503067,0.00122699386503067,0.00122699386503067,0.737423312883436,0.00122699386503067,0.00122699386503067,0.246625766871166,0.00122699386503067,0.00122699386503067,0.00122699386503067,0.00122699386503067
DCDL-0017178,0.00115606936416185,0.00115606936416185,0.00115606936416185,0.00115606936416185,0.00115606936416185,0.00115606936416185,0.116763005780347,0.405780346820809,0.00115606936416185,0.116763005780347,0.347976878612717,0.00115606936416185,0.00115606936416185,0.00115606936416185,0.00115606936416185
DCDL-0017205,0.00122699386503067,0.00122699386503067,0.00122699386503067,0.00122699386503067,0.246625766871166,0.00122699386503067,0.00122699386503067,0.00122699386503067,0.00122699386503067,0.00122699386503067,0.00122699386503067,0.737423312883436,0.00122699386503067,0.00122699386503067,0.00122699386503067
DCDL-0017185,0.000638977635782748,0.000638977635782748,0.192332268370607,0.000638977635782748,0.0325878594249201,0.000638977635782748,0.000638977635782748,0.735463258785942,0.000638977635782748,0.000638977635782748,0.000638977635782748,0.000638977635782748,0.000638977635782748,0.0325878594249201,0.000638977635782748
DCDL-0017168,0.0336633663366337,0.00066006600660066,0.00066006600660066,0.00066006600660066,0.00066006600660066,0.00066006600660066,0.00066006600660066,0.825742574257426,0.00066006600660066,0.00066006600660066,0.132673267326733,0.00066006600660066,0.00066006600660066,0.00066006600660066,0.00066006600660066
DCDL-0017305,0.000858369098712447,0.129613733905579,0.215450643776824,0.000858369098712447,0.000858369098712447,0.000858369098712447,0.430042918454936,0.000858369098712447,0.000858369098712447,0.000858369098712447,0.000858369098712447,0.000858369098712447,0.215450643776824,0.000858369098712447,0.000858369098712447
DCDL-0017190,0.00317460317460317,0.00317460317460317,0.00317460317460317,0.00317460317460317,0.00317460317460317,0.00317460317460317,0.00317460317460317,0.00317460317460317,0.00317460317460317,0.161904761904762,0.00317460317460317,0.796825396825397,0.00317460317460317,0.00317460317460317,0.00317460317460317
DCDL-0017151,0.000896860986547085,0.000896860986547085,0.000896860986547085,0.000896860986547085,0.000896860986547085,0.000896860986547085,0.000896860986547085,0.987443946188341,0.000896860986547085,0.000896860986547085,0.000896860986547085,0.000896860986547085,0.000896860986547085,0.000896860986547085,0.000896860986547085
DCDL-0017222,0.00109289617486339,0.00109289617486339,0.00109289617486339,0.110382513661202,0.00109289617486339,0.00109289617486339,0.32896174863388,0.00109289617486339,0.00109289617486339,0.00109289617486339,0.00109289617486339,0.165027322404372,0.383606557377049,0.00109289617486339,0.00109289617486339
DCDL-0017244,0.00465116279069767,0.00465116279069767,0.00465116279069767,0.00465116279069767,0.00465116279069767,0.702325581395349,0.237209302325581,0.00465116279069767,0.00465116279069767,0.00465116279069767,0.00465116279069767,0.00465116279069767,0.00465116279069767,0.00465116279069767,0.00465116279069767
DCDL-0017202,0.00317460317460317,0.00317460317460317,0.00317460317460317,0.00317460317460317,0.00317460317460317,0.00317460317460317,0.00317460317460317,0.479365079365079,0.00317460317460317,0.00317460317460317,0.479365079365079,0.00317460317460317,0.00317460317460317,0.00317460317460317,0.00317460317460317
DCDL-0021187,0.00150375939849624,0.00150375939849624,0.00150375939849624,0.00150375939849624,0.00150375939849624,0.00150375939849624,0.00150375939849624,0.00150375939849624,0.00150375939849624,0.00150375939849624,0.00150375939849624,0.0766917293233083,0.00150375939849624,0.52781954887218,0.377443609022556
DCDL-0017210,0.00109289617486339,0.00109289617486339,0.602185792349727,0.00109289617486339,0.00109289617486339,0.00109289617486339,0.00109289617486339,0.00109289617486339,0.0557377049180328,0.00109289617486339,0.00109289617486339,0.00109289617486339,0.32896174863388,0.00109289617486339,0.00109289617486339
DCDL-0017156,0.000823045267489712,0.000823045267489712,0.000823045267489712,0.000823045267489712,0.000823045267489712,0.000823045267489712,0.000823045267489712,0.906172839506173,0.000823045267489712,0.000823045267489712,0.000823045267489712,0.000823045267489712,0.000823045267489712,0.000823045267489712,0.0831275720164609
DCDL-0017189,0.000985221674876847,0.000985221674876847,0.000985221674876847,0.198029556650246,0.000985221674876847,0.000985221674876847,0.000985221674876847,0.000985221674876847,0.000985221674876847,0.000985221674876847,0.000985221674876847,0.000985221674876847,0.000985221674876847,0.000985221674876847,0.789162561576355
DCDL-0021186,0.00122699386503067,0.00122699386503067,0.00122699386503067,0.00122699386503067,0.00122699386503067,0.00122699386503067,0.00122699386503067,0.00122699386503067,0.00122699386503067,0.00122699386503067,0.00122699386503067,0.00122699386503067,0.00122699386503067,0.00122699386503067,0.98282208588957
DCDL-0017239,0.00068259385665529,0.205460750853242,0.00068259385665529,0.0348122866894198,0.00068259385665529,0.273720136518771,0.376109215017065,0.00068259385665529,0.00068259385665529,0.00068259385665529,0.00068259385665529,0.00068259385665529,0.0348122866894198,0.0689419795221843,0.00068259385665529
DCDL-0017203,0.000896860986547085,0.000896860986547085,0.000896860986547085,0.44932735426009,0.000896860986547085,0.000896860986547085,0.000896860986547085,0.000896860986547085,0.000896860986547085,0.000896860986547085,0.269955156950673,0.269955156950673,0.000896860986547085,0.000896860986547085,0.000896860986547085
DCDL-0017142,0.000583090379008746,0.000583090379008746,0.000583090379008746,0.000583090379008746,0.000583090379008746,0.000583090379008746,0.117201166180758,0.437900874635569,0.0588921282798834,0.000583090379008746,0.379591836734694,0.000583090379008746,0.000583090379008746,0.000583090379008746,0.000583090379008746
DCDL-0017173,0.000790513833992095,0.0798418972332016,0.000790513833992095,0.000790513833992095,0.000790513833992095,0.000790513833992095,0.000790513833992095,0.909881422924901,0.000790513833992095,0.000790513833992095,0.000790513833992095,0.000790513833992095,0.000790513833992095,0.000790513833992095,0.000790513833992095
DCDL-0017152,0.000790513833992095,0.000790513833992095,0.000790513833992095,0.000790513833992095,0.000790513833992095,0.000790513833992095,0.000790513833992095,0.988932806324111,0.000790513833992095,0.000790513833992095,0.000790513833992095,0.000790513833992095,0.000790513833992095,0.000790513833992095,0.000790513833992095
DCDL-0017204,0.00130718954248366,0.00130718954248366,0.328104575163399,0.0666666666666667,0.00130718954248366,0.00130718954248366,0.00130718954248366,0.00130718954248366,0.00130718954248366,0.00130718954248366,0.00130718954248366,0.00130718954248366,0.00130718954248366,0.00130718954248366,0.589542483660131
DCDL-0017163,0.00130718954248366,0.00130718954248366,0.00130718954248366,0.00130718954248366,0.00130718954248366,0.00130718954248366,0.00130718954248366,0.78562091503268,0.00130718954248366,0.00130718954248366,0.00130718954248366,0.00130718954248366,0.00130718954248366,0.00130718954248366,0.197385620915033
DCDL-0017252,0.594719471947195,0.0666666666666667,0.00066006600660066,0.00066006600660066,0.00066006600660066,0.00066006600660066,0.00066006600660066,0.00066006600660066,0.00066006600660066,0.0666666666666667,0.00066006600660066,0.264686468646865,0.00066006600660066,0.00066006600660066,0.00066006600660066
DCDL-0017179,0.000760456273764259,0.000760456273764259,0.380988593155894,0.000760456273764259,0.000760456273764259,0.000760456273764259,0.000760456273764259,0.609125475285171,0.000760456273764259,0.000760456273764259,0.000760456273764259,0.000760456273764259,0.000760456273764259,0.000760456273764259,0.000760456273764259
DCDL-0017169,0.000938967136150235,0.000938967136150235,0.000938967136150235,0.000938967136150235,0.000938967136150235,0.000938967136150235,0.000938967136150235,0.705164319248826,0.000938967136150235,0.0948356807511737,0.000938967136150235,0.141784037558685,0.047887323943662,0.000938967136150235,0.000938967136150235
DCDL-0017209,0.000382409177820268,0.000382409177820268,0.000382409177820268,0.000382409177820268,0.000382409177820268,0.000382409177820268,0.000382409177820268,0.000382409177820268,0.0195028680688337,0.000382409177820268,0.000382409177820268,0.000382409177820268,0.000382409177820268,0.000382409177820268,0.975525812619503
DCDL-0017226,0.00115606936416185,0.00115606936416185,0.00115606936416185,0.00115606936416185,0.00115606936416185,0.00115606936416185,0.00115606936416185,0.00115606936416185,0.00115606936416185,0.00115606936416185,0.636994219653179,0.00115606936416185,0.347976878612717,0.00115606936416185,0.00115606936416185
DCDL-0017213,0.641379310344828,0.000985221674876847,0.296551724137931,0.000985221674876847,0.000985221674876847,0.0502463054187192,0.000985221674876847,0.000985221674876847,0.000985221674876847,0.000985221674876847,0.000985221674876847,0.000985221674876847,0.000985221674876847,0.000985221674876847,0.000985221674876847
DCDL-0017181,0.000823045267489712,0.000823045267489712,0.000823045267489712,0.000823045267489712,0.000823045267489712,0.000823045267489712,0.000823045267489712,0.823868312757202,0.000823045267489712,0.000823045267489712,0.165432098765432,0.000823045267489712,0.000823045267489712,0.000823045267489712,0.000823045267489712
DCDL-0017200,0.00176991150442478,0.00176991150442478,0.00176991150442478,0.00176991150442478,0.00176991150442478,0.00176991150442478,0.00176991150442478,0.178761061946903,0.00176991150442478,0.00176991150442478,0.00176991150442478,0.178761061946903,0.00176991150442478,0.00176991150442478,0.621238938053097
DCDL-0017147,0.000858369098712446,0.000858369098712446,0.000858369098712446,0.000858369098712446,0.000858369098712446,0.000858369098712446,0.000858369098712446,0.945064377682403,0.000858369098712446,0.000858369098712446,0.0437768240343348,0.000858369098712446,0.000858369098712446,0.000858369098712446,0.000858369098712446
DCDL-0017160,0.00115606936416185,0.00115606936416185,0.00115606936416185,0.116763005780347,0.116763005780347,0.00115606936416185,0.00115606936416185,0.521387283236994,0.00115606936416185,0.00115606936416185,0.00115606936416185,0.00115606936416185,0.00115606936416185,0.00115606936416185,0.232369942196532
DCDL-0017208,0.000536193029490617,0.000536193029490617,0.000536193029490617,0.000536193029490617,0.000536193029490617,0.000536193029490617,0.000536193029490617,0.000536193029490617,0.000536193029490617,0.697587131367292,0.241823056300268,0.0541554959785523,0.000536193029490617,0.000536193029490617,0.000536193029490617
DCDL-0017164,0.00115606936416185,0.00115606936416185,0.00115606936416185,0.00115606936416185,0.00115606936416185,0.00115606936416185,0.00115606936416185,0.868208092485549,0.00115606936416185,0.116763005780347,0.00115606936416185,0.00115606936416185,0.00115606936416185,0.00115606936416185,0.00115606936416185
DCDL-0017230,0.000355239786856128,0.000355239786856128,0.000355239786856128,0.000355239786856128,0.000355239786856128,0.781882770870338,0.000355239786856128,0.213499111900533,0.000355239786856128,0.000355239786856128,0.000355239786856128,0.000355239786856128,0.000355239786856128,0.000355239786856128,0.000355239786856128
DCDL-0017307,0.000321027287319422,0.000321027287319422,0.000321027287319422,0.000321027287319422,0.000321027287319422,0.770786516853933,0.000321027287319422,0.128731942215088,0.000321027287319422,0.0645264847512038,0.000321027287319422,0.000321027287319422,0.0324237560192616,0.000321027287319422,0.000321027287319422
DCDL-0017217,0.000600600600600601,0.511111111111111,0.000600600600600601,0.000600600600600601,0.000600600600600601,0.000600600600600601,0.000600600600600601,0.000600600600600601,0.000600600600600601,0.000600600600600601,0.360960960960961,0.120720720720721,0.000600600600600601,0.000600600600600601,0.000600600600600601
DCDL-0017170,0.000985221674876847,0.0502463054187192,0.000985221674876847,0.000985221674876847,0.000985221674876847,0.000985221674876847,0.000985221674876847,0.789162561576355,0.000985221674876847,0.000985221674876847,0.000985221674876847,0.000985221674876847,0.000985221674876847,0.148768472906404,0.000985221674876847
DCDL-0017157,0.000790513833992095,0.0403162055335968,0.000790513833992095,0.000790513833992095,0.000790513833992095,0.000790513833992095,0.000790513833992095,0.949407114624506,0.000790513833992095,0.000790513833992095,0.000790513833992095,0.000790513833992095,0.000790513833992095,0.000790513833992095,0.000790513833992095
DCDL-0017207,0.000349040139616056,0.000349040139616056,0.000349040139616056,0.000349040139616056,0.0352530541012216,0.000349040139616056,0.000349040139616056,0.000349040139616056,0.0352530541012216,0.000349040139616056,0.000349040139616056,0.000349040139616056,0.000349040139616056,0.000349040139616056,0.925305410122164
DCDL-0017246,0.000760456273764259,0.000760456273764259,0.000760456273764259,0.114828897338403,0.000760456273764259,0.000760456273764259,0.000760456273764259,0.304942965779468,0.000760456273764259,0.000760456273764259,0.000760456273764259,0.000760456273764259,0.000760456273764259,0.000760456273764259,0.571102661596958
DCDL-0017223,0.00150375939849624,0.00150375939849624,0.00150375939849624,0.00150375939849624,0.15187969924812,0.00150375939849624,0.00150375939849624,0.00150375939849624,0.00150375939849624,0.00150375939849624,0.00150375939849624,0.678195488721805,0.00150375939849624,0.00150375939849624,0.15187969924812
DCDL-0017166,0.000484261501210654,0.000484261501210654,0.000484261501210654,0.000484261501210654,0.000484261501210654,0.000484261501210654,0.000484261501210654,0.993220338983051,0.000484261501210654,0.000484261501210654,0.000484261501210654,0.000484261501210654,0.000484261501210654,0.000484261501210654,0.000484261501210654
DCDL-0017216,0.0016260162601626,0.0016260162601626,0.977235772357724,0.0016260162601626,0.0016260162601626,0.0016260162601626,0.0016260162601626,0.0016260162601626,0.0016260162601626,0.0016260162601626,0.0016260162601626,0.0016260162601626,0.0016260162601626,0.0016260162601626,0.0016260162601626
DCDL-0017162,0.169975786924939,0.000484261501210654,0.000484261501210654,0.169975786924939,0.000484261501210654,0.000484261501210654,0.000484261501210654,0.363680387409201,0.000484261501210654,0.000484261501210654,0.000484261501210654,0.000484261501210654,0.000484261501210654,0.291041162227603,0.000484261501210654
DCDL-0017231,0.000823045267489712,0.000823045267489712,0.330041152263374,0.000823045267489712,0.330041152263374,0.0419753086419753,0.000823045267489712,0.000823045267489712,0.000823045267489712,0.000823045267489712,0.000823045267489712,0.124279835390947,0.000823045267489712,0.000823045267489712,0.165432098765432
DCDL-0017159,0.000472813238770686,0.000472813238770686,0.000472813238770686,0.000472813238770686,0.118676122931442,0.000472813238770686,0.000472813238770686,0.662411347517731,0.000472813238770686,0.000472813238770686,0.000472813238770686,0.000472813238770686,0.000472813238770686,0.000472813238770686,0.213238770685579
DCDL-0017211,0.700699300699301,0.0013986013986014,0.0013986013986014,0.0013986013986014,0.0713286713286713,0.0013986013986014,0.0013986013986014,0.211188811188811,0.0013986013986014,0.0013986013986014,0.0013986013986014,0.0013986013986014,0.0013986013986014,0.0013986013986014,0.0013986013986014
DCDL-0017187,0.000508905852417303,0.000508905852417303,0.000508905852417303,0.000508905852417303,0.000508905852417303,0.000508905852417303,0.000508905852417303,0.000508905852417303,0.000508905852417303,0.000508905852417303,0.000508905852417303,0.992875318066158,0.000508905852417303,0.000508905852417303,0.000508905852417303
DCDL-0017177,0.000760456273764259,0.000760456273764259,0.000760456273764259,0.190874524714829,0.000760456273764259,0.000760456273764259,0.000760456273764259,0.647148288973384,0.000760456273764259,0.000760456273764259,0.000760456273764259,0.000760456273764259,0.000760456273764259,0.000760456273764259,0.152851711026616
DCDL-0017229,0.00109289617486339,0.00109289617486339,0.00109289617486339,0.00109289617486339,0.00109289617486339,0.00109289617486339,0.00109289617486339,0.00109289617486339,0.00109289617486339,0.00109289617486339,0.32896174863388,0.383606557377049,0.27431693989071,0.00109289617486339,0.00109289617486339
DCDL-0017150,0.000706713780918728,0.000706713780918728,0.000706713780918728,0.000706713780918728,0.000706713780918728,0.0360424028268551,0.000706713780918728,0.742756183745583,0.0360424028268551,0.000706713780918728,0.177385159010601,0.000706713780918728,0.000706713780918728,0.000706713780918728,0.000706713780918728
DCDL-0017255,0.00115606936416185,0.00115606936416185,0.00115606936416185,0.00115606936416185,0.00115606936416185,0.00115606936416185,0.00115606936416185,0.00115606936416185,0.00115606936416185,0.00115606936416185,0.00115606936416185,0.00115606936416185,0.00115606936416185,0.983815028901734,0.00115606936416185
DCDL-0017263,0.000550964187327824,0.0831955922865014,0.000550964187327824,0.000550964187327824,0.000550964187327824,0.000550964187327824,0.000550964187327824,0.248484848484849,0.110743801652893,0.000550964187327824,0.000550964187327824,0.551515151515152,0.000550964187327824,0.000550964187327824,0.000550964187327824
DCDL-0016946,0.0016260162601626,0.0016260162601626,0.245528455284553,0.0016260162601626,0.570731707317073,0.0016260162601626,0.0016260162601626,0.0016260162601626,0.0016260162601626,0.0016260162601626,0.0016260162601626,0.164227642276423,0.0016260162601626,0.0016260162601626,0.0016260162601626
DCDL-0018016,0.000638977635782748,0.000638977635782748,0.000638977635782748,0.000638977635782748,0.000638977635782748,0.000638977635782748,0.000638977635782748,0.000638977635782748,0.000638977635782748,0.000638977635782748,0.895207667731629,0.0964856230031949,0.000638977635782748,0.000638977635782748,0.000638977635782748
DCDL-0017277,0.000583090379008746,0.000583090379008746,0.000583090379008746,0.000583090379008746,0.292128279883382,0.262973760932945,0.0297376093294461,0.000583090379008746,0.000583090379008746,0.000583090379008746,0.233819241982507,0.175510204081633,0.000583090379008746,0.000583090379008746,0.000583090379008746
DCDL-0017232,0.560839160839161,0.0013986013986014,0.0013986013986014,0.0013986013986014,0.0013986013986014,0.0013986013986014,0.0013986013986014,0.0013986013986014,0.0013986013986014,0.0013986013986014,0.0013986013986014,0.0013986013986014,0.0013986013986014,0.420979020979021,0.0013986013986014
DCDL-0017264,0.000790513833992095,0.000790513833992095,0.119367588932806,0.000790513833992095,0.000790513833992095,0.000790513833992095,0.000790513833992095,0.119367588932806,0.000790513833992095,0.000790513833992095,0.119367588932806,0.633201581027668,0.000790513833992095,0.000790513833992095,0.000790513833992095
DCDL-0017271,0.00122699386503067,0.00122699386503067,0.00122699386503067,0.00122699386503067,0.0625766871165644,0.00122699386503067,0.00122699386503067,0.00122699386503067,0.00122699386503067,0.00122699386503067,0.492024539877301,0.430674846625767,0.00122699386503067,0.00122699386503067,0.00122699386503067
DCDL-0017242,0.00068259385665529,0.00068259385665529,0.00068259385665529,0.273720136518771,0.3419795221843,0.00068259385665529,0.00068259385665529,0.00068259385665529,0.00068259385665529,0.00068259385665529,0.171331058020478,0.205460750853242,0.00068259385665529,0.00068259385665529,0.00068259385665529
DCDL-0017292,0.000790513833992095,0.000790513833992095,0.000790513833992095,0.000790513833992095,0.712252964426877,0.000790513833992095,0.000790513833992095,0.000790513833992095,0.000790513833992095,0.000790513833992095,0.000790513833992095,0.277470355731225,0.000790513833992095,0.000790513833992095,0.000790513833992095
DCDL-0017288,0.0013986013986014,0.0013986013986014,0.0013986013986014,0.0013986013986014,0.0013986013986014,0.0013986013986014,0.0013986013986014,0.351048951048951,0.0013986013986014,0.0013986013986014,0.0013986013986014,0.0013986013986014,0.0013986013986014,0.630769230769231,0.0013986013986014
DCDL-0017165,0.000522193211488251,0.000522193211488251,0.000522193211488251,0.000522193211488251,0.000522193211488251,0.000522193211488251,0.000522193211488251,0.992689295039164,0.000522193211488251,0.000522193211488251,0.000522193211488251,0.000522193211488251,0.000522193211488251,0.000522193211488251,0.000522193211488251
DCDL-0017521,0.686052009456265,0.024113475177305,0.0477541371158392,0.000472813238770686,0.000472813238770686,0.000472813238770686,0.000472813238770686,0.000472813238770686,0.0713947990543735,0.000472813238770686,0.118676122931442,0.0477541371158392,0.000472813238770686,0.000472813238770686,0.000472813238770686
DCDL-0021510,0.288178913738019,0.000638977635782748,0.000638977635782748,0.000638977635782748,0.000638977635782748,0.000638977635782748,0.000638977635782748,0.000638977635782748,0.352076677316294,0.000638977635782748,0.000638977635782748,0.352076677316294,0.000638977635782748,0.000638977635782748,0.000638977635782748
DCDL-0019379,0.262745098039216,0.00130718954248366,0.00130718954248366,0.00130718954248366,0.00130718954248366,0.00130718954248366,0.00130718954248366,0.00130718954248366,0.328104575163399,0.393464052287582,0.00130718954248366,0.00130718954248366,0.00130718954248366,0.00130718954248366,0.00130718954248366
DCDL-0019836,0.000858369098712446,0.000858369098712446,0.000858369098712446,0.000858369098712446,0.000858369098712446,0.000858369098712446,0.000858369098712446,0.000858369098712446,0.000858369098712446,0.000858369098712446,0.0437768240343348,0.000858369098712446,0.000858369098712446,0.000858369098712446,0.945064377682403
DCDL-0019272,0.00130718954248366,0.00130718954248366,0.00130718954248366,0.00130718954248366,0.00130718954248366,0.00130718954248366,0.00130718954248366,0.328104575163399,0.00130718954248366,0.00130718954248366,0.00130718954248366,0.00130718954248366,0.654901960784314,0.00130718954248366,0.00130718954248366
DCDL-0019633,0.00103626943005181,0.00103626943005181,0.363730569948187,0.00103626943005181,0.00103626943005181,0.363730569948187,0.00103626943005181,0.00103626943005181,0.260103626943005,0.00103626943005181,0.00103626943005181,0.00103626943005181,0.00103626943005181,0.00103626943005181,0.00103626943005181
DCDL-0018823,0.0013986013986014,0.0013986013986014,0.0013986013986014,0.0013986013986014,0.0013986013986014,0.420979020979021,0.0013986013986014,0.0013986013986014,0.0013986013986014,0.0013986013986014,0.351048951048951,0.0013986013986014,0.211188811188811,0.0013986013986014,0.0013986013986014
DCDL-0018264,0.00115606936416185,0.00115606936416185,0.00115606936416185,0.00115606936416185,0.00115606936416185,0.00115606936416185,0.00115606936416185,0.00115606936416185,0.00115606936416185,0.00115606936416185,0.636994219653179,0.174566473988439,0.174566473988439,0.00115606936416185,0.00115606936416185
DCDL-0018751,0.000790513833992095,0.000790513833992095,0.000790513833992095,0.000790513833992095,0.119367588932806,0.000790513833992095,0.000790513833992095,0.356521739130435,0.000790513833992095,0.000790513833992095,0.514624505928854,0.000790513833992095,0.000790513833992095,0.000790513833992095,0.000790513833992095
DCDL-0017813,0.00130718954248366,0.00130718954248366,0.00130718954248366,0.00130718954248366,0.78562091503268,0.00130718954248366,0.00130718954248366,0.0666666666666667,0.00130718954248366,0.00130718954248366,0.00130718954248366,0.00130718954248366,0.13202614379085,0.00130718954248366,0.00130718954248366
DCDL-0017276,0.000583090379008746,0.000583090379008746,0.000583090379008746,0.20466472303207,0.0880466472303207,0.000583090379008746,0.000583090379008746,0.000583090379008746,0.000583090379008746,0.000583090379008746,0.000583090379008746,0.700291545189504,0.000583090379008746,0.000583090379008746,0.000583090379008746
DCDL-0017228,0.00317460317460317,0.00317460317460317,0.00317460317460317,0.638095238095238,0.00317460317460317,0.00317460317460317,0.00317460317460317,0.00317460317460317,0.00317460317460317,0.00317460317460317,0.00317460317460317,0.00317460317460317,0.00317460317460317,0.00317460317460317,0.320634920634921
DCDL-0017504,0.00103626943005181,0.00103626943005181,0.00103626943005181,0.00103626943005181,0.00103626943005181,0.00103626943005181,0.00103626943005181,0.00103626943005181,0.00103626943005181,0.00103626943005181,0.00103626943005181,0.00103626943005181,0.00103626943005181,0.467357512953368,0.519170984455959
DCDL-0018401,0.000858369098712446,0.000858369098712446,0.0866952789699571,0.000858369098712446,0.000858369098712446,0.000858369098712446,0.000858369098712446,0.000858369098712446,0.000858369098712446,0.000858369098712446,0.000858369098712446,0.000858369098712446,0.000858369098712446,0.0437768240343348,0.859227467811159
DCDL-0017366,0.000823045267489712,0.000823045267489712,0.000823045267489712,0.000823045267489712,0.000823045267489712,0.000823045267489712,0.000823045267489712,0.000823045267489712,0.000823045267489712,0.000823045267489712,0.659259259259259,0.000823045267489712,0.000823045267489712,0.000823045267489712,0.330041152263374
DCDL-0017304,0.000619195046439629,0.000619195046439629,0.000619195046439629,0.000619195046439629,0.155417956656347,0.403095975232198,0.000619195046439629,0.000619195046439629,0.341176470588235,0.000619195046439629,0.000619195046439629,0.0934984520123839,0.000619195046439629,0.000619195046439629,0.000619195046439629
DCDL-0018142,0.00066006600660066,0.00066006600660066,0.00066006600660066,0.00066006600660066,0.594719471947195,0.00066006600660066,0.00066006600660066,0.00066006600660066,0.00066006600660066,0.00066006600660066,0.330693069306931,0.0666666666666667,0.00066006600660066,0.00066006600660066,0.00066006600660066
DCDL-0019591,0.00150375939849624,0.00150375939849624,0.00150375939849624,0.00150375939849624,0.00150375939849624,0.00150375939849624,0.00150375939849624,0.00150375939849624,0.00150375939849624,0.00150375939849624,0.978947368421053,0.00150375939849624,0.00150375939849624,0.00150375939849624,0.00150375939849624
DCDL-0017247,0.0016260162601626,0.0016260162601626,0.0016260162601626,0.0016260162601626,0.0016260162601626,0.0016260162601626,0.0016260162601626,0.0016260162601626,0.0016260162601626,0.0016260162601626,0.977235772357724,0.0016260162601626,0.0016260162601626,0.0016260162601626,0.0016260162601626
DCDL-0018184,0.00031104199066874,0.00031104199066874,0.00031104199066874,0.00031104199066874,0.00031104199066874,0.00031104199066874,0.00031104199066874,0.00031104199066874,0.20248833592535,0.793468118195957,0.00031104199066874,0.00031104199066874,0.00031104199066874,0.00031104199066874,0.00031104199066874
DCDL-0017338,0.000508905852417303,0.000508905852417303,0.127735368956743,0.000508905852417303,0.56030534351145,0.127735368956743,0.000508905852417303,0.000508905852417303,0.000508905852417303,0.000508905852417303,0.000508905852417303,0.178625954198473,0.000508905852417303,0.000508905852417303,0.000508905852417303
DCDL-0018584,0.000760456273764259,0.000760456273764259,0.114828897338403,0.000760456273764259,0.000760456273764259,0.0768060836501901,0.000760456273764259,0.228897338403042,0.000760456273764259,0.000760456273764259,0.571102661596958,0.000760456273764259,0.000760456273764259,0.000760456273764259,0.000760456273764259
DCDL-0017904,0.000600600600600601,0.0906906906906907,0.000600600600600601,0.000600600600600601,0.000600600600600601,0.000600600600600601,0.000600600600600601,0.000600600600600601,0.000600600600600601,0.000600600600600601,0.360960960960961,0.330930930930931,0.210810810810811,0.000600600600600601,0.000600600600600601
DCDL-0017953,0.0016260162601626,0.0016260162601626,0.0016260162601626,0.0016260162601626,0.0016260162601626,0.0016260162601626,0.0016260162601626,0.0016260162601626,0.0016260162601626,0.0016260162601626,0.326829268292683,0.0016260162601626,0.0016260162601626,0.652032520325203,0.0016260162601626
DCDL-0017827,0.00176991150442478,0.00176991150442478,0.00176991150442478,0.00176991150442478,0.00176991150442478,0.00176991150442478,0.00176991150442478,0.00176991150442478,0.0902654867256637,0.00176991150442478,0.532743362831858,0.355752212389381,0.00176991150442478,0.00176991150442478,0.00176991150442478
DCDL-0017938,0.00066006600660066,0.462706270627063,0.00066006600660066,0.00066006600660066,0.00066006600660066,0.00066006600660066,0.330693069306931,0.00066006600660066,0.00066006600660066,0.00066006600660066,0.198679867986799,0.00066006600660066,0.00066006600660066,0.00066006600660066,0.00066006600660066
DCDL-0019861,0.00240963855421687,0.00240963855421687,0.00240963855421687,0.00240963855421687,0.48433734939759,0.00240963855421687,0.00240963855421687,0.00240963855421687,0.00240963855421687,0.00240963855421687,0.00240963855421687,0.00240963855421687,0.00240963855421687,0.00240963855421687,0.48433734939759
DCDL-0017889,0.000522193211488251,0.104960835509138,0.000522193211488251,0.000522193211488251,0.0266318537859008,0.000522193211488251,0.000522193211488251,0.000522193211488251,0.000522193211488251,0.131070496083551,0.000522193211488251,0.235509138381201,0.157180156657963,0.000522193211488251,0.339947780678851
DCDL-0017306,0.000938967136150235,0.000938967136150235,0.000938967136150235,0.235680751173709,0.000938967136150235,0.329577464788732,0.000938967136150235,0.0948356807511737,0.000938967136150235,0.000938967136150235,0.000938967136150235,0.188732394366197,0.000938967136150235,0.141784037558685,0.000938967136150235
DCDL-0017511,0.000706713780918728,0.000706713780918728,0.000706713780918728,0.000706713780918728,0.000706713780918728,0.000706713780918728,0.000706713780918728,0.000706713780918728,0.000706713780918728,0.28339222614841,0.000706713780918728,0.67208480565371,0.000706713780918728,0.000706713780918728,0.0360424028268551
DCDL-0019825,0.000896860986547085,0.000896860986547085,0.000896860986547085,0.000896860986547085,0.000896860986547085,0.000896860986547085,0.000896860986547085,0.000896860986547085,0.0457399103139013,0.000896860986547085,0.942600896860986,0.000896860986547085,0.000896860986547085,0.000896860986547085,0.000896860986547085
DCDL-0018512,0.000638977635782748,0.000638977635782748,0.224281150159744,0.224281150159744,0.000638977635782748,0.000638977635782748,0.000638977635782748,0.000638977635782748,0.000638977635782748,0.000638977635782748,0.000638977635782748,0.543769968051118,0.000638977635782748,0.000638977635782748,0.000638977635782748
DCDL-0017287,0.000441501103752759,0.0445916114790287,0.177041942604857,0.000441501103752759,0.000441501103752759,0.221192052980132,0.000441501103752759,0.000441501103752759,0.000441501103752759,0.000441501103752759,0.486092715231788,0.000441501103752759,0.000441501103752759,0.000441501103752759,0.0666666666666667
DCDL-0017611,0.0880466472303207,0.350437317784257,0.0588921282798834,0.000583090379008746,0.000583090379008746,0.379591836734694,0.000583090379008746,0.117201166180758,0.000583090379008746,0.000583090379008746,0.000583090379008746,0.000583090379008746,0.000583090379008746,0.000583090379008746,0.000583090379008746
DCDL-0017773,0.3317738791423,0.000389863547758285,0.000389863547758285,0.234307992202729,0.000389863547758285,0.000389863547758285,0.000389863547758285,0.000389863547758285,0.000389863547758285,0.000389863547758285,0.000389863547758285,0.000389863547758285,0.312280701754386,0.117348927875244,0.000389863547758285
DCDL-0018335,0.000823045267489712,0.000823045267489712,0.000823045267489712,0.0419753086419753,0.000823045267489712,0.288888888888889,0.000823045267489712,0.000823045267489712,0.000823045267489712,0.000823045267489712,0.453497942386831,0.000823045267489712,0.000823045267489712,0.124279835390947,0.0831275720164609
DCDL-0021212,0.00176991150442478,0.00176991150442478,0.00176991150442478,0.00176991150442478,0.00176991150442478,0.00176991150442478,0.00176991150442478,0.444247787610619,0.00176991150442478,0.00176991150442478,0.00176991150442478,0.00176991150442478,0.00176991150442478,0.00176991150442478,0.532743362831858
DCDL-0021526,0.00109289617486339,0.00109289617486339,0.00109289617486339,0.00109289617486339,0.00109289617486339,0.00109289617486339,0.00109289617486339,0.00109289617486339,0.00109289617486339,0.602185792349727,0.00109289617486339,0.383606557377049,0.00109289617486339,0.00109289617486339,0.00109289617486339
DCDL-0018444,0.202946593001842,0.000368324125230203,0.0740331491712707,0.184530386740331,0.000368324125230203,0.000368324125230203,0.000368324125230203,0.000368324125230203,0.000368324125230203,0.166114180478821,0.000368324125230203,0.0740331491712707,0.202946593001842,0.0924493554327808,0.000368324125230203
DCDL-0021521,0.000985221674876847,0.000985221674876847,0.000985221674876847,0.000985221674876847,0.000985221674876847,0.000985221674876847,0.000985221674876847,0.000985221674876847,0.000985221674876847,0.592118226600985,0.000985221674876847,0.345812807881773,0.000985221674876847,0.000985221674876847,0.0502463054187192
DCDL-0017376,0.000823045267489712,0.000823045267489712,0.000823045267489712,0.000823045267489712,0.823868312757202,0.000823045267489712,0.000823045267489712,0.0419753086419753,0.000823045267489712,0.000823045267489712,0.000823045267489712,0.124279835390947,0.000823045267489712,0.000823045267489712,0.000823045267489712
DCDL-0017525,0.000472813238770686,0.99338061465721,0.000472813238770686,0.000472813238770686,0.000472813238770686,0.000472813238770686,0.000472813238770686,0.000472813238770686,0.000472813238770686,0.000472813238770686,0.000472813238770686,0.000472813238770686,0.000472813238770686,0.000472813238770686,0.000472813238770686
DCDL-0019328,0.630769230769231,0.0013986013986014,0.0013986013986014,0.0013986013986014,0.0013986013986014,0.0013986013986014,0.0013986013986014,0.0013986013986014,0.0013986013986014,0.0013986013986014,0.0013986013986014,0.0713286713286713,0.281118881118881,0.0013986013986014,0.0013986013986014
DCDL-0017261,0.000732600732600733,0.000732600732600733,0.000732600732600733,0.000732600732600733,0.000732600732600733,0.000732600732600733,0.000732600732600733,0.000732600732600733,0.000732600732600733,0.000732600732600733,0.000732600732600733,0.98974358974359,0.000732600732600733,0.000732600732600733,0.000732600732600733
DCDL-0017985,0.375717439293598,0.000441501103752759,0.000441501103752759,0.000441501103752759,0.000441501103752759,0.000441501103752759,0.000441501103752759,0.000441501103752759,0.000441501103752759,0.397792494481236,0.000441501103752759,0.000441501103752759,0.000441501103752759,0.221192052980132,0.000441501103752759
DCDL-0017437,0.000441501103752759,0.750993377483444,0.110816777041943,0.000441501103752759,0.000441501103752759,0.0887417218543046,0.000441501103752759,0.000441501103752759,0.000441501103752759,0.000441501103752759,0.0445916114790287,0.000441501103752759,0.000441501103752759,0.000441501103752759,0.000441501103752759
DCDL-0019399,0.00109289617486339,0.00109289617486339,0.00109289617486339,0.00109289617486339,0.00109289617486339,0.00109289617486339,0.00109289617486339,0.00109289617486339,0.00109289617486339,0.219672131147541,0.766120218579235,0.00109289617486339,0.00109289617486339,0.00109289617486339,0.00109289617486339
DCDL-0021213,0.287189292543021,0.000382409177820268,0.000382409177820268,0.0959847036328872,0.000382409177820268,0.000382409177820268,0.000382409177820268,0.000382409177820268,0.000382409177820268,0.000382409177820268,0.000382409177820268,0.000382409177820268,0.000382409177820268,0.612237093690249,0.000382409177820268
DCDL-0018166,0.000405679513184584,0.000405679513184584,0.000405679513184584,0.12210953346856,0.000405679513184584,0.000405679513184584,0.0815415821501014,0.000405679513184584,0.000405679513184584,0.791480730223124,0.000405679513184584,0.000405679513184584,0.000405679513184584,0.000405679513184584,0.000405679513184584
DCDL-0018970,0.000858369098712446,0.000858369098712446,0.000858369098712446,0.000858369098712446,0.000858369098712446,0.000858369098712446,0.0437768240343348,0.0866952789699571,0.000858369098712446,0.472961373390558,0.387124463519313,0.000858369098712446,0.000858369098712446,0.000858369098712446,0.000858369098712446
DCDL-0017275,0.000790513833992095,0.000790513833992095,0.000790513833992095,0.000790513833992095,0.000790513833992095,0.000790513833992095,0.000790513833992095,0.000790513833992095,0.000790513833992095,0.000790513833992095,0.593675889328063,0.39604743083004,0.000790513833992095,0.000790513833992095,0.000790513833992095
DCDL-0018089,0.00150375939849624,0.0766917293233083,0.00150375939849624,0.00150375939849624,0.00150375939849624,0.00150375939849624,0.00150375939849624,0.00150375939849624,0.00150375939849624,0.00150375939849624,0.00150375939849624,0.302255639097744,0.603007518796993,0.00150375939849624,0.00150375939849624
DCDL-0018331,0.00109289617486339,0.00109289617486339,0.165027322404372,0.110382513661202,0.00109289617486339,0.00109289617486339,0.00109289617486339,0.00109289617486339,0.00109289617486339,0.00109289617486339,0.0557377049180328,0.00109289617486339,0.656830601092896,0.00109289617486339,0.00109289617486339
DCDL-0018215,0.0013986013986014,0.0013986013986014,0.0013986013986014,0.0013986013986014,0.0013986013986014,0.0013986013986014,0.0013986013986014,0.0013986013986014,0.0013986013986014,0.0013986013986014,0.420979020979021,0.560839160839161,0.0013986013986014,0.0013986013986014,0.0013986013986014
DCDL-0018021,0.000790513833992095,0.119367588932806,0.000790513833992095,0.0403162055335968,0.000790513833992095,0.000790513833992095,0.000790513833992095,0.000790513833992095,0.000790513833992095,0.119367588932806,0.672727272727273,0.000790513833992095,0.0403162055335968,0.000790513833992095,0.000790513833992095
DCDL-0018087,0.363730569948186,0.00103626943005181,0.00103626943005181,0.00103626943005181,0.00103626943005181,0.00103626943005181,0.00103626943005181,0.00103626943005181,0.156476683937824,0.00103626943005181,0.00103626943005181,0.00103626943005181,0.104663212435233,0.00103626943005181,0.363730569948186
DCDL-0021505,0.192452830188679,0.00377358490566038,0.00377358490566038,0.00377358490566038,0.00377358490566038,0.00377358490566038,0.00377358490566038,0.192452830188679,0.00377358490566038,0.00377358490566038,0.00377358490566038,0.00377358490566038,0.00377358490566038,0.00377358490566038,0.569811320754717
DCDL-0018028,0.000451467268623025,0.000451467268623025,0.000451467268623025,0.000451467268623025,0.000451467268623025,0.000451467268623025,0.000451467268623025,0.0230248306997743,0.000451467268623025,0.000451467268623025,0.000451467268623025,0.271331828442438,0.519638826185102,0.181038374717833,0.000451467268623025
DCDL-0018169,0.000441501103752759,0.000441501103752759,0.000441501103752759,0.000441501103752759,0.000441501103752759,0.000441501103752759,0.000441501103752759,0.000441501103752759,0.441942604856512,0.309492273730684,0.24326710816777,0.000441501103752759,0.000441501103752759,0.000441501103752759,0.000441501103752759
DCDL-0018259,0.000214362272240086,0.000214362272240086,0.000214362272240086,0.000214362272240086,0.000214362272240086,0.000214362272240086,0.000214362272240086,0.0323687031082529,0.954126473740622,0.0109324758842444,0.000214362272240086,0.000214362272240086,0.000214362272240086,0.000214362272240086,0.000214362272240086
DCDL-0018168,0.000638977635782748,0.000638977635782748,0.000638977635782748,0.000638977635782748,0.000638977635782748,0.000638977635782748,0.000638977635782748,0.000638977635782748,0.000638977635782748,0.575718849840256,0.415974440894569,0.000638977635782748,0.000638977635782748,0.000638977635782748,0.000638977635782748
DCDL-0018587,0.000732600732600733,0.44029304029304,0.220512820512821,0.000732600732600733,0.000732600732600733,0.220512820512821,0.110622710622711,0.000732600732600733,0.000732600732600733,0.000732600732600733,0.000732600732600733,0.000732600732600733,0.000732600732600733,0.000732600732600733,0.000732600732600733
