identifier,aftershocks_appears_holds_economy_bank_rate_made,portaloo_asks_centre_small_infrastructure_head_crane,buildings_people_rubble_building_broken_collapsed_arm,people_pm_homes_government_june_show_part,recovery_cera_damage_eqc_prime_rebuilding_back,red_city_areas_house_black_move_liquefaction,people_called_replies_refugees_ken_ring_couple_heading,aftershocks_word_aftershock_magnitude_liquefaction_continuing_fight,insurance_huge_hit_version_companies_words_june,city_council_tony_marryatt_mayor_comments_pay_rise_public,cup_rugby_world_world_damage_auckland_decision_rugby,business_red_zone_cbd_buildings_large_words_owners,city_rebuild_buildings_heading_house_rebuilding_title,mayor_toilet_standing_anderton_paper_wife_toilets,march_news_japan_port_moon_day_tsunami,finance_government_billion_reading_cost_south_damage,great_pike_river_south_island_weather_snow_aftershocks_represents
DCDL-0015511,0.00239808153477218,0.00239808153477218,0.00239808153477218,0.00239808153477218,0.00239808153477218,0.00239808153477218,0.601918465227818,0.00239808153477218,0.3621103117506,0.00239808153477218,0.00239808153477218,0.00239808153477218,0.00239808153477218,0.00239808153477218,0.00239808153477218,0.00239808153477218,0.00239808153477218
DCDL-0015512,0.00460829493087558,0.00460829493087558,0.00460829493087558,0.00460829493087558,0.00460829493087558,0.00460829493087558,0.00460829493087558,0.00460829493087558,0.00460829493087558,0.00460829493087558,0.00460829493087558,0.235023041474654,0.695852534562212,0.00460829493087558,0.00460829493087558,0.00460829493087558,0.00460829493087558
DCDL-0015513,0.0419063270336894,0.000821692686935086,0.658175842235004,0.000821692686935086,0.000821692686935086,0.206244864420707,0.000821692686935086,0.000821692686935086,0.000821692686935086,0.000821692686935086,0.000821692686935086,0.000821692686935086,0.000821692686935086,0.0829909613804437,0.000821692686935086,0.000821692686935086,0.000821692686935086
DCDL-0015518,0.00374531835205993,0.00374531835205993,0.00374531835205993,0.00374531835205993,0.00374531835205993,0.00374531835205993,0.00374531835205993,0.00374531835205993,0.191011235955056,0.00374531835205993,0.00374531835205993,0.00374531835205993,0.00374531835205993,0.00374531835205993,0.00374531835205993,0.752808988764045,0.00374531835205993
DCDL-0015519,0.0017636684303351,0.0017636684303351,0.0017636684303351,0.0017636684303351,0.0017636684303351,0.0017636684303351,0.0017636684303351,0.0017636684303351,0.0017636684303351,0.0017636684303351,0.0017636684303351,0.0017636684303351,0.0017636684303351,0.0017636684303351,0.0017636684303351,0.0017636684303351,0.971781305114638
DCDL-0015522,0.00315457413249211,0.00315457413249211,0.476340694006309,0.00315457413249211,0.160883280757098,0.00315457413249211,0.00315457413249211,0.160883280757098,0.00315457413249211,0.00315457413249211,0.00315457413249211,0.00315457413249211,0.00315457413249211,0.160883280757098,0.00315457413249211,0.00315457413249211,0.00315457413249211
DCDL-0015528,0.0017636684303351,0.0017636684303351,0.0017636684303351,0.354497354497354,0.0017636684303351,0.0017636684303351,0.0017636684303351,0.0017636684303351,0.0017636684303351,0.0017636684303351,0.0017636684303351,0.0017636684303351,0.0017636684303351,0.0017636684303351,0.0017636684303351,0.619047619047619,0.0017636684303351
DCDL-0015530,0.000821692686935086,0.534921939194741,0.000821692686935086,0.247329498767461,0.000821692686935086,0.000821692686935086,0.000821692686935086,0.000821692686935086,0.206244864420707,0.000821692686935086,0.000821692686935086,0.000821692686935086,0.000821692686935086,0.000821692686935086,0.000821692686935086,0.000821692686935086,0.000821692686935086
DCDL-0015533,0.00122399020807834,0.00122399020807834,0.429620563035496,0.123623011015912,0.00122399020807834,0.00122399020807834,0.00122399020807834,0.00122399020807834,0.00122399020807834,0.00122399020807834,0.00122399020807834,0.00122399020807834,0.00122399020807834,0.429620563035496,0.00122399020807834,0.00122399020807834,0.00122399020807834
DCDL-0015539,0.00272479564032698,0.00272479564032698,0.00272479564032698,0.00272479564032698,0.00272479564032698,0.547683923705722,0.00272479564032698,0.00272479564032698,0.00272479564032698,0.00272479564032698,0.00272479564032698,0.00272479564032698,0.00272479564032698,0.411444141689373,0.00272479564032698,0.00272479564032698,0.00272479564032698
DCDL-0015541,0.00115340253748558,0.00115340253748558,0.00115340253748558,0.00115340253748558,0.00115340253748558,0.00115340253748558,0.00115340253748558,0.00115340253748558,0.520184544405998,0.00115340253748558,0.289504036908881,0.00115340253748558,0.00115340253748558,0.00115340253748558,0.00115340253748558,0.174163783160323,0.00115340253748558
DCDL-0015552,0.00272479564032698,0.00272479564032698,0.00272479564032698,0.00272479564032698,0.00272479564032698,0.00272479564032698,0.00272479564032698,0.275204359673025,0.00272479564032698,0.00272479564032698,0.00272479564032698,0.00272479564032698,0.138964577656676,0.00272479564032698,0.00272479564032698,0.547683923705722,0.00272479564032698
DCDL-0015558,0.00139470013947001,0.00139470013947001,0.00139470013947001,0.00139470013947001,0.00139470013947001,0.280334728033473,0.00139470013947001,0.00139470013947001,0.00139470013947001,0.00139470013947001,0.00139470013947001,0.140864714086471,0.00139470013947001,0.559274755927476,0.00139470013947001,0.00139470013947001,0.00139470013947001
DCDL-0015561,0.00109051254089422,0.00109051254089422,0.00109051254089422,0.00109051254089422,0.00109051254089422,0.00109051254089422,0.00109051254089422,0.00109051254089422,0.382769901853871,0.00109051254089422,0.164667393675027,0.00109051254089422,0.437295528898582,0.00109051254089422,0.00109051254089422,0.00109051254089422,0.00109051254089422
DCDL-0015562,0.000856898029134533,0.000856898029134533,0.000856898029134533,0.000856898029134533,0.000856898029134533,0.000856898029134533,0.000856898029134533,0.000856898029134533,0.000856898029134533,0.000856898029134533,0.000856898029134533,0.000856898029134533,0.000856898029134533,0.943444730077121,0.0437017994858612,0.000856898029134533,0.000856898029134533
DCDL-0015572,0.000535618639528656,0.000535618639528656,0.000535618639528656,0.000535618639528656,0.000535618639528656,0.000535618639528656,0.000535618639528656,0.000535618639528656,0.161221210498125,0.000535618639528656,0.000535618639528656,0.000535618639528656,0.000535618639528656,0.134440278521693,0.000535618639528656,0.696839850026781,0.000535618639528656
DCDL-0015573,0.000550357732526142,0.000550357732526142,0.000550357732526142,0.000550357732526142,0.000550357732526142,0.000550357732526142,0.000550357732526142,0.000550357732526142,0.165657677490369,0.000550357732526142,0.000550357732526142,0.000550357732526142,0.000550357732526142,0.000550357732526142,0.000550357732526142,0.826086956521739,0.000550357732526142
DCDL-0015605,0.000937207122774133,0.000937207122774133,0.000937207122774133,0.000937207122774133,0.000937207122774133,0.000937207122774133,0.000937207122774133,0.000937207122774133,0.141518275538894,0.000937207122774133,0.000937207122774133,0.0477975632614808,0.0477975632614808,0.000937207122774133,0.000937207122774133,0.328959700093721,0.422680412371134
DCDL-0015607,0.000983284169124877,0.000983284169124877,0.000983284169124877,0.000983284169124877,0.738446411012783,0.246804326450344,0.000983284169124877,0.000983284169124877,0.000983284169124877,0.000983284169124877,0.000983284169124877,0.000983284169124877,0.000983284169124877,0.000983284169124877,0.000983284169124877,0.000983284169124877,0.000983284169124877
DCDL-0015611,0.195357833655706,0.00193423597678917,0.00193423597678917,0.00193423597678917,0.00193423597678917,0.00193423597678917,0.00193423597678917,0.775628626692456,0.00193423597678917,0.00193423597678917,0.00193423597678917,0.00193423597678917,0.00193423597678917,0.00193423597678917,0.00193423597678917,0.00193423597678917,0.00193423597678917
DCDL-0015616,0.24220623501199,0.00239808153477218,0.00239808153477218,0.00239808153477218,0.00239808153477218,0.00239808153477218,0.00239808153477218,0.482014388489209,0.00239808153477218,0.00239808153477218,0.00239808153477218,0.00239808153477218,0.00239808153477218,0.00239808153477218,0.00239808153477218,0.24220623501199,0.00239808153477218
DCDL-0015626,0.000895255147717099,0.269471799462847,0.000895255147717099,0.000895255147717099,0.627573858549687,0.000895255147717099,0.000895255147717099,0.000895255147717099,0.000895255147717099,0.000895255147717099,0.000895255147717099,0.000895255147717099,0.0456580125335721,0.000895255147717099,0.000895255147717099,0.0456580125335721,0.000895255147717099
DCDL-0015627,0.00315457413249211,0.00315457413249211,0.00315457413249211,0.00315457413249211,0.00315457413249211,0.00315457413249211,0.00315457413249211,0.160883280757098,0.00315457413249211,0.00315457413249211,0.00315457413249211,0.00315457413249211,0.00315457413249211,0.00315457413249211,0.00315457413249211,0.79179810725552,0.00315457413249211
DCDL-0015640,0.0826580226904376,0.00162074554294976,0.00162074554294976,0.00162074554294976,0.00162074554294976,0.00162074554294976,0.00162074554294976,0.00162074554294976,0.00162074554294976,0.00162074554294976,0.00162074554294976,0.00162074554294976,0.00162074554294976,0.893030794165316,0.00162074554294976,0.00162074554294976,0.00162074554294976
DCDL-0015642,0.00115340253748558,0.00115340253748558,0.00115340253748558,0.00115340253748558,0.00115340253748558,0.00115340253748558,0.577854671280277,0.404844290657439,0.00115340253748558,0.00115340253748558,0.00115340253748558,0.00115340253748558,0.00115340253748558,0.00115340253748558,0.00115340253748558,0.00115340253748558,0.00115340253748558
DCDL-0015644,0.00122399020807834,0.00122399020807834,0.00122399020807834,0.00122399020807834,0.00122399020807834,0.00122399020807834,0.00122399020807834,0.613219094247246,0.00122399020807834,0.00122399020807834,0.00122399020807834,0.00122399020807834,0.00122399020807834,0.00122399020807834,0.00122399020807834,0.00122399020807834,0.368421052631579
DCDL-0015664,0.00139470013947001,0.00139470013947001,0.00139470013947001,0.00139470013947001,0.00139470013947001,0.210599721059972,0.00139470013947001,0.00139470013947001,0.280334728033473,0.00139470013947001,0.00139470013947001,0.00139470013947001,0.00139470013947001,0.00139470013947001,0.00139470013947001,0.00139470013947001,0.489539748953975
DCDL-0015674,0.0017636684303351,0.354497354497354,0.0017636684303351,0.0017636684303351,0.0017636684303351,0.0017636684303351,0.0017636684303351,0.0017636684303351,0.0017636684303351,0.0017636684303351,0.0017636684303351,0.0017636684303351,0.619047619047619,0.0017636684303351,0.0017636684303351,0.0017636684303351,0.0017636684303351
DCDL-0015710,0.00149925037481259,0.00149925037481259,0.226386806596702,0.00149925037481259,0.00149925037481259,0.376311844077961,0.00149925037481259,0.00149925037481259,0.00149925037481259,0.00149925037481259,0.00149925037481259,0.00149925037481259,0.00149925037481259,0.226386806596702,0.00149925037481259,0.00149925037481259,0.151424287856072
DCDL-0015713,0.00139470013947001,0.00139470013947001,0.00139470013947001,0.00139470013947001,0.0711297071129707,0.00139470013947001,0.00139470013947001,0.00139470013947001,0.00139470013947001,0.0711297071129707,0.00139470013947001,0.00139470013947001,0.00139470013947001,0.838214783821478,0.00139470013947001,0.00139470013947001,0.00139470013947001
DCDL-0015720,0.00162074554294976,0.00162074554294976,0.00162074554294976,0.00162074554294976,0.00162074554294976,0.00162074554294976,0.00162074554294976,0.00162074554294976,0.00162074554294976,0.00162074554294976,0.00162074554294976,0.00162074554294976,0.00162074554294976,0.974068071312804,0.00162074554294976,0.00162074554294976,0.00162074554294976
DCDL-0015726,0.00193423597678917,0.00193423597678917,0.00193423597678917,0.388781431334623,0.00193423597678917,0.00193423597678917,0.00193423597678917,0.00193423597678917,0.388781431334623,0.00193423597678917,0.00193423597678917,0.00193423597678917,0.00193423597678917,0.00193423597678917,0.00193423597678917,0.195357833655706,0.00193423597678917
DCDL-0015734,0.00109051254089422,0.982551799345692,0.00109051254089422,0.00109051254089422,0.00109051254089422,0.00109051254089422,0.00109051254089422,0.00109051254089422,0.00109051254089422,0.00109051254089422,0.00109051254089422,0.00109051254089422,0.00109051254089422,0.00109051254089422,0.00109051254089422,0.00109051254089422,0.00109051254089422
DCDL-0015735,0.00122399020807834,0.980416156670747,0.00122399020807834,0.00122399020807834,0.00122399020807834,0.00122399020807834,0.00122399020807834,0.00122399020807834,0.00122399020807834,0.00122399020807834,0.00122399020807834,0.00122399020807834,0.00122399020807834,0.00122399020807834,0.00122399020807834,0.00122399020807834,0.00122399020807834
DCDL-0015760,0.000731528895391368,0.000731528895391368,0.000731528895391368,0.000731528895391368,0.000731528895391368,0.000731528895391368,0.000731528895391368,0.000731528895391368,0.000731528895391368,0.000731528895391368,0.000731528895391368,0.000731528895391368,0.000731528895391368,0.000731528895391368,0.768836869056328,0.220190197512802,0.000731528895391368
DCDL-0015784,0.00162074554294976,0.00162074554294976,0.568881685575365,0.00162074554294976,0.00162074554294976,0.00162074554294976,0.00162074554294976,0.00162074554294976,0.00162074554294976,0.00162074554294976,0.00162074554294976,0.00162074554294976,0.00162074554294976,0.406807131280389,0.00162074554294976,0.00162074554294976,0.00162074554294976
DCDL-0015839,0.00272479564032698,0.00272479564032698,0.00272479564032698,0.00272479564032698,0.00272479564032698,0.00272479564032698,0.00272479564032698,0.411444141689373,0.00272479564032698,0.00272479564032698,0.00272479564032698,0.547683923705722,0.00272479564032698,0.00272479564032698,0.00272479564032698,0.00272479564032698,0.00272479564032698
DCDL-0015856,0.0017636684303351,0.0017636684303351,0.2663139329806,0.0017636684303351,0.0017636684303351,0.0017636684303351,0.0017636684303351,0.707231040564374,0.0017636684303351,0.0017636684303351,0.0017636684303351,0.0017636684303351,0.0017636684303351,0.0017636684303351,0.0017636684303351,0.0017636684303351,0.0017636684303351
DCDL-0015869,0.0826580226904376,0.00162074554294976,0.00162074554294976,0.00162074554294976,0.00162074554294976,0.00162074554294976,0.00162074554294976,0.00162074554294976,0.487844408427877,0.00162074554294976,0.00162074554294976,0.00162074554294976,0.163695299837925,0.0826580226904376,0.00162074554294976,0.00162074554294976,0.163695299837925
DCDL-0015892,0.000983284169124877,0.000983284169124877,0.000983284169124877,0.000983284169124877,0.44346116027532,0.000983284169124877,0.000983284169124877,0.492625368731563,0.000983284169124877,0.000983284169124877,0.000983284169124877,0.000983284169124877,0.000983284169124877,0.000983284169124877,0.000983284169124877,0.000983284169124877,0.0501474926253687
DCDL-0015912,0.00162074554294976,0.00162074554294976,0.00162074554294976,0.0826580226904376,0.00162074554294976,0.00162074554294976,0.00162074554294976,0.00162074554294976,0.00162074554294976,0.00162074554294976,0.00162074554294976,0.00162074554294976,0.00162074554294976,0.00162074554294976,0.00162074554294976,0.00162074554294976,0.893030794165316
DCDL-0016039,0.000731528895391368,0.000731528895391368,0.000731528895391368,0.000731528895391368,0.000731528895391368,0.000731528895391368,0.183613752743233,0.000731528895391368,0.000731528895391368,0.439648866130212,0.000731528895391368,0.000731528895391368,0.000731528895391368,0.000731528895391368,0.000731528895391368,0.366495976591075,0.000731528895391368
DCDL-0016121,0.0017636684303351,0.0017636684303351,0.0017636684303351,0.0017636684303351,0.0017636684303351,0.0017636684303351,0.0017636684303351,0.0017636684303351,0.0017636684303351,0.0017636684303351,0.442680776014109,0.0017636684303351,0.08994708994709,0.0017636684303351,0.442680776014109,0.0017636684303351,0.0017636684303351
DCDL-0016143,0.00122399020807834,0.00122399020807834,0.00122399020807834,0.00122399020807834,0.00122399020807834,0.00122399020807834,0.00122399020807834,0.00122399020807834,0.00122399020807834,0.00122399020807834,0.00122399020807834,0.00122399020807834,0.00122399020807834,0.00122399020807834,0.184822521419829,0.429620563035496,0.368421052631579
DCDL-0016218,0.00109051254089422,0.00109051254089422,0.00109051254089422,0.00109051254089422,0.00109051254089422,0.00109051254089422,0.00109051254089422,0.00109051254089422,0.219193020719738,0.00109051254089422,0.00109051254089422,0.00109051254089422,0.00109051254089422,0.437295528898582,0.00109051254089422,0.00109051254089422,0.32824427480916
DCDL-0016249,0.00214132762312634,0.00214132762312634,0.00214132762312634,0.00214132762312634,0.00214132762312634,0.00214132762312634,0.00214132762312634,0.00214132762312634,0.00214132762312634,0.00214132762312634,0.00214132762312634,0.00214132762312634,0.00214132762312634,0.00214132762312634,0.109207708779443,0.00214132762312634,0.858672376873662
DCDL-0016259,0.00109051254089422,0.00109051254089422,0.00109051254089422,0.00109051254089422,0.32824427480916,0.00109051254089422,0.273718647764449,0.00109051254089422,0.00109051254089422,0.00109051254089422,0.00109051254089422,0.00109051254089422,0.00109051254089422,0.164667393675027,0.00109051254089422,0.00109051254089422,0.219193020719738
DCDL-0016310,0.000983284169124877,0.000983284169124877,0.0993117010816126,0.000983284169124877,0.000983284169124877,0.000983284169124877,0.000983284169124877,0.000983284169124877,0.000983284169124877,0.000983284169124877,0.0993117010816126,0.000983284169124877,0.000983284169124877,0.000983284169124877,0.0501474926253687,0.000983284169124877,0.738446411012783
DCDL-0016337,0.00103412616339193,0.00103412616339193,0.00103412616339193,0.00103412616339193,0.259565667011375,0.00103412616339193,0.00103412616339193,0.00103412616339193,0.00103412616339193,0.00103412616339193,0.00103412616339193,0.00103412616339193,0.00103412616339193,0.259565667011375,0.00103412616339193,0.466390899689762,0.00103412616339193
DCDL-0016804,0.00460829493087558,0.00460829493087558,0.00460829493087558,0.00460829493087558,0.00460829493087558,0.00460829493087558,0.00460829493087558,0.465437788018433,0.00460829493087558,0.00460829493087558,0.00460829493087558,0.00460829493087558,0.00460829493087558,0.465437788018433,0.00460829493087558,0.00460829493087558,0.00460829493087558
DCDL-0016946,0.00193423597678917,0.00193423597678917,0.00193423597678917,0.00193423597678917,0.00193423597678917,0.00193423597678917,0.485493230174081,0.485493230174081,0.00193423597678917,0.00193423597678917,0.00193423597678917,0.00193423597678917,0.00193423597678917,0.00193423597678917,0.00193423597678917,0.00193423597678917,0.00193423597678917
DCDL-0017142,0.116493656286044,0.00115340253748558,0.00115340253748558,0.00115340253748558,0.0588235294117647,0.462514417531719,0.34717416378316,0.00115340253748558,0.00115340253748558,0.00115340253748558,0.00115340253748558,0.00115340253748558,0.00115340253748558,0.00115340253748558,0.00115340253748558,0.00115340253748558,0.00115340253748558
DCDL-0017148,0.00139470013947001,0.00139470013947001,0.00139470013947001,0.00139470013947001,0.00139470013947001,0.00139470013947001,0.0711297071129707,0.00139470013947001,0.768479776847978,0.00139470013947001,0.00139470013947001,0.00139470013947001,0.140864714086471,0.00139470013947001,0.00139470013947001,0.00139470013947001,0.00139470013947001
DCDL-0017150,0.00239808153477218,0.00239808153477218,0.00239808153477218,0.00239808153477218,0.00239808153477218,0.841726618705036,0.00239808153477218,0.00239808153477218,0.00239808153477218,0.00239808153477218,0.122302158273381,0.00239808153477218,0.00239808153477218,0.00239808153477218,0.00239808153477218,0.00239808153477218,0.00239808153477218
DCDL-0017151,0.00193423597678917,0.00193423597678917,0.58220502901354,0.195357833655706,0.00193423597678917,0.00193423597678917,0.00193423597678917,0.00193423597678917,0.00193423597678917,0.00193423597678917,0.00193423597678917,0.00193423597678917,0.00193423597678917,0.00193423597678917,0.00193423597678917,0.0986460348162476,0.0986460348162476
DCDL-0017152,0.411444141689373,0.00272479564032698,0.00272479564032698,0.00272479564032698,0.00272479564032698,0.547683923705722,0.00272479564032698,0.00272479564032698,0.00272479564032698,0.00272479564032698,0.00272479564032698,0.00272479564032698,0.00272479564032698,0.00272479564032698,0.00272479564032698,0.00272479564032698,0.00272479564032698
DCDL-0017156,0.00315457413249211,0.00315457413249211,0.00315457413249211,0.00315457413249211,0.00315457413249211,0.00315457413249211,0.00315457413249211,0.949526813880126,0.00315457413249211,0.00315457413249211,0.00315457413249211,0.00315457413249211,0.00315457413249211,0.00315457413249211,0.00315457413249211,0.00315457413249211,0.00315457413249211
DCDL-0017157,0.00272479564032698,0.00272479564032698,0.00272479564032698,0.00272479564032698,0.00272479564032698,0.275204359673025,0.00272479564032698,0.138964577656676,0.00272479564032698,0.00272479564032698,0.00272479564032698,0.00272479564032698,0.00272479564032698,0.00272479564032698,0.547683923705722,0.00272479564032698,0.00272479564032698
DCDL-0017159,0.000789265982636148,0.000789265982636148,0.000789265982636148,0.316495659037095,0.000789265982636148,0.000789265982636148,0.000789265982636148,0.39542225730071,0.119179163378058,0.000789265982636148,0.000789265982636148,0.000789265982636148,0.000789265982636148,0.000789265982636148,0.000789265982636148,0.158642462509866,0.000789265982636148
DCDL-0017160,0.00149925037481259,0.00149925037481259,0.60119940029985,0.00149925037481259,0.00149925037481259,0.00149925037481259,0.00149925037481259,0.226386806596702,0.00149925037481259,0.00149925037481259,0.00149925037481259,0.00149925037481259,0.00149925037481259,0.00149925037481259,0.00149925037481259,0.00149925037481259,0.151424287856072
DCDL-0017162,0.128270580727505,0.000638162093171666,0.000638162093171666,0.000638162093171666,0.0325462667517549,0.000638162093171666,0.000638162093171666,0.000638162093171666,0.000638162093171666,0.287811104020421,0.000638162093171666,0.000638162093171666,0.000638162093171666,0.000638162093171666,0.223994894703255,0.319719208679004,0.000638162093171666
DCDL-0017163,0.00162074554294976,0.00162074554294976,0.811993517017828,0.00162074554294976,0.00162074554294976,0.00162074554294976,0.00162074554294976,0.00162074554294976,0.00162074554294976,0.00162074554294976,0.00162074554294976,0.0826580226904376,0.00162074554294976,0.00162074554294976,0.00162074554294976,0.00162074554294976,0.0826580226904376
DCDL-0017164,0.00598802395209581,0.305389221556886,0.604790419161677,0.00598802395209581,0.00598802395209581,0.00598802395209581,0.00598802395209581,0.00598802395209581,0.00598802395209581,0.00598802395209581,0.00598802395209581,0.00598802395209581,0.00598802395209581,0.00598802395209581,0.00598802395209581,0.00598802395209581,0.00598802395209581
DCDL-0017165,0.00130378096479791,0.00130378096479791,0.00130378096479791,0.00130378096479791,0.00130378096479791,0.00130378096479791,0.00130378096479791,0.392438070404172,0.00130378096479791,0.00130378096479791,0.00130378096479791,0.00130378096479791,0.00130378096479791,0.00130378096479791,0.00130378096479791,0.00130378096479791,0.588005215123859
DCDL-0017166,0.00139470013947001,0.00139470013947001,0.00139470013947001,0.00139470013947001,0.00139470013947001,0.00139470013947001,0.140864714086471,0.00139470013947001,0.00139470013947001,0.00139470013947001,0.00139470013947001,0.00139470013947001,0.00139470013947001,0.00139470013947001,0.00139470013947001,0.00139470013947001,0.838214783821478
DCDL-0017168,0.00122399020807834,0.00122399020807834,0.73561811505508,0.00122399020807834,0.00122399020807834,0.0624235006119951,0.00122399020807834,0.00122399020807834,0.00122399020807834,0.00122399020807834,0.00122399020807834,0.00122399020807834,0.184822521419829,0.00122399020807834,0.00122399020807834,0.00122399020807834,0.00122399020807834
DCDL-0017169,0.00149925037481259,0.00149925037481259,0.226386806596702,0.376311844077961,0.00149925037481259,0.00149925037481259,0.00149925037481259,0.00149925037481259,0.00149925037481259,0.00149925037481259,0.00149925037481259,0.00149925037481259,0.00149925037481259,0.00149925037481259,0.376311844077961,0.00149925037481259,0.00149925037481259
DCDL-0017170,0.00162074554294976,0.163695299837925,0.00162074554294976,0.0826580226904376,0.00162074554294976,0.00162074554294976,0.00162074554294976,0.406807131280389,0.00162074554294976,0.00162074554294976,0.163695299837925,0.00162074554294976,0.00162074554294976,0.00162074554294976,0.00162074554294976,0.163695299837925,0.00162074554294976
DCDL-0017173,0.00162074554294976,0.00162074554294976,0.487844408427877,0.00162074554294976,0.00162074554294976,0.00162074554294976,0.00162074554294976,0.406807131280389,0.00162074554294976,0.0826580226904376,0.00162074554294976,0.00162074554294976,0.00162074554294976,0.00162074554294976,0.00162074554294976,0.00162074554294976,0.00162074554294976
DCDL-0017174,0.00272479564032698,0.00272479564032698,0.82016348773842,0.00272479564032698,0.00272479564032698,0.00272479564032698,0.00272479564032698,0.138964577656676,0.00272479564032698,0.00272479564032698,0.00272479564032698,0.00272479564032698,0.00272479564032698,0.00272479564032698,0.00272479564032698,0.00272479564032698,0.00272479564032698
DCDL-0017177,0.00193423597678917,0.0986460348162476,0.00193423597678917,0.388781431334623,0.00193423597678917,0.388781431334623,0.0986460348162476,0.00193423597678917,0.00193423597678917,0.00193423597678917,0.00193423597678917,0.00193423597678917,0.00193423597678917,0.00193423597678917,0.00193423597678917,0.00193423597678917,0.00193423597678917
DCDL-0017178,0.00162074554294976,0.00162074554294976,0.325769854132901,0.00162074554294976,0.00162074554294976,0.325769854132901,0.00162074554294976,0.325769854132901,0.00162074554294976,0.00162074554294976,0.00162074554294976,0.00162074554294976,0.00162074554294976,0.00162074554294976,0.00162074554294976,0.00162074554294976,0.00162074554294976
DCDL-0017179,0.00239808153477218,0.00239808153477218,0.24220623501199,0.00239808153477218,0.00239808153477218,0.00239808153477218,0.00239808153477218,0.00239808153477218,0.00239808153477218,0.00239808153477218,0.00239808153477218,0.00239808153477218,0.24220623501199,0.482014388489209,0.00239808153477218,0.00239808153477218,0.00239808153477218
DCDL-0017181,0.00139470013947001,0.00139470013947001,0.419804741980474,0.280334728033473,0.00139470013947001,0.210599721059972,0.0711297071129707,0.00139470013947001,0.00139470013947001,0.00139470013947001,0.00139470013947001,0.00139470013947001,0.00139470013947001,0.00139470013947001,0.00139470013947001,0.00139470013947001,0.00139470013947001
DCDL-0017185,0.00139470013947001,0.00139470013947001,0.00139470013947001,0.00139470013947001,0.00139470013947001,0.00139470013947001,0.00139470013947001,0.350069735006973,0.00139470013947001,0.00139470013947001,0.00139470013947001,0.00139470013947001,0.559274755927476,0.00139470013947001,0.0711297071129707,0.00139470013947001,0.00139470013947001
DCDL-0017187,0.000983284169124877,0.000983284169124877,0.000983284169124877,0.1976401179941,0.000983284169124877,0.000983284169124877,0.000983284169124877,0.000983284169124877,0.000983284169124877,0.000983284169124877,0.000983284169124877,0.000983284169124877,0.000983284169124877,0.000983284169124877,0.787610619469027,0.000983284169124877,0.000983284169124877
DCDL-0017200,0.00193423597678917,0.00193423597678917,0.969052224371373,0.00193423597678917,0.00193423597678917,0.00193423597678917,0.00193423597678917,0.00193423597678917,0.00193423597678917,0.00193423597678917,0.00193423597678917,0.00193423597678917,0.00193423597678917,0.00193423597678917,0.00193423597678917,0.00193423597678917,0.00193423597678917
DCDL-0017203,0.00103412616339193,0.00103412616339193,0.311271975180972,0.00103412616339193,0.00103412616339193,0.00103412616339193,0.00103412616339193,0.00103412616339193,0.311271975180972,0.00103412616339193,0.00103412616339193,0.00103412616339193,0.00103412616339193,0.00103412616339193,0.00103412616339193,0.362978283350569,0.00103412616339193
DCDL-0017204,0.00315457413249211,0.00315457413249211,0.949526813880126,0.00315457413249211,0.00315457413249211,0.00315457413249211,0.00315457413249211,0.00315457413249211,0.00315457413249211,0.00315457413249211,0.00315457413249211,0.00315457413249211,0.00315457413249211,0.00315457413249211,0.00315457413249211,0.00315457413249211,0.00315457413249211
DCDL-0017205,0.00115340253748558,0.00115340253748558,0.00115340253748558,0.693194925028835,0.174163783160323,0.00115340253748558,0.00115340253748558,0.00115340253748558,0.00115340253748558,0.116493656286044,0.00115340253748558,0.00115340253748558,0.00115340253748558,0.00115340253748558,0.00115340253748558,0.00115340253748558,0.00115340253748558
DCDL-0017206,0.184822521419829,0.00122399020807834,0.0624235006119951,0.246022031823745,0.429620563035496,0.00122399020807834,0.00122399020807834,0.00122399020807834,0.00122399020807834,0.00122399020807834,0.00122399020807834,0.00122399020807834,0.00122399020807834,0.00122399020807834,0.00122399020807834,0.0624235006119951,0.00122399020807834
DCDL-0017207,0.00109051254089422,0.219193020719738,0.00109051254089422,0.764449291166848,0.00109051254089422,0.00109051254089422,0.00109051254089422,0.00109051254089422,0.00109051254089422,0.00109051254089422,0.00109051254089422,0.00109051254089422,0.00109051254089422,0.00109051254089422,0.00109051254089422,0.00109051254089422,0.00109051254089422
DCDL-0017208,0.000821692686935086,0.000821692686935086,0.000821692686935086,0.000821692686935086,0.124075595727198,0.000821692686935086,0.000821692686935086,0.000821692686935086,0.000821692686935086,0.000821692686935086,0.000821692686935086,0.822514379622021,0.000821692686935086,0.000821692686935086,0.000821692686935086,0.000821692686935086,0.0419063270336894
DCDL-0017209,0.000789265982636148,0.000789265982636148,0.000789265982636148,0.908445146014207,0.000789265982636148,0.000789265982636148,0.000789265982636148,0.000789265982636148,0.000789265982636148,0.000789265982636148,0.000789265982636148,0.000789265982636148,0.000789265982636148,0.079715864246251,0.000789265982636148,0.000789265982636148,0.000789265982636148
DCDL-0017210,0.00130378096479791,0.262059973924381,0.00130378096479791,0.00130378096479791,0.00130378096479791,0.522816166883963,0.00130378096479791,0.00130378096479791,0.00130378096479791,0.00130378096479791,0.00130378096479791,0.00130378096479791,0.00130378096479791,0.00130378096479791,0.00130378096479791,0.00130378096479791,0.196870925684485
DCDL-0017211,0.00149925037481259,0.00149925037481259,0.00149925037481259,0.00149925037481259,0.00149925037481259,0.00149925037481259,0.751124437781109,0.00149925037481259,0.00149925037481259,0.00149925037481259,0.00149925037481259,0.00149925037481259,0.00149925037481259,0.00149925037481259,0.00149925037481259,0.00149925037481259,0.226386806596702
DCDL-0017215,0.00315457413249211,0.00315457413249211,0.00315457413249211,0.476340694006309,0.00315457413249211,0.00315457413249211,0.00315457413249211,0.00315457413249211,0.00315457413249211,0.00315457413249211,0.00315457413249211,0.00315457413249211,0.00315457413249211,0.476340694006309,0.00315457413249211,0.00315457413249211,0.00315457413249211
DCDL-0017216,0.00193423597678917,0.00193423597678917,0.00193423597678917,0.00193423597678917,0.00193423597678917,0.969052224371373,0.00193423597678917,0.00193423597678917,0.00193423597678917,0.00193423597678917,0.00193423597678917,0.00193423597678917,0.00193423597678917,0.00193423597678917,0.00193423597678917,0.00193423597678917,0.00193423597678917
DCDL-0017217,0.00193423597678917,0.00193423597678917,0.775628626692456,0.00193423597678917,0.195357833655706,0.00193423597678917,0.00193423597678917,0.00193423597678917,0.00193423597678917,0.00193423597678917,0.00193423597678917,0.00193423597678917,0.00193423597678917,0.00193423597678917,0.00193423597678917,0.00193423597678917,0.00193423597678917
DCDL-0017219,0.00162074554294976,0.00162074554294976,0.00162074554294976,0.73095623987034,0.00162074554294976,0.00162074554294976,0.00162074554294976,0.244732576985413,0.00162074554294976,0.00162074554294976,0.00162074554294976,0.00162074554294976,0.00162074554294976,0.00162074554294976,0.00162074554294976,0.00162074554294976,0.00162074554294976
DCDL-0017222,0.0588235294117647,0.00115340253748558,0.00115340253748558,0.00115340253748558,0.00115340253748558,0.00115340253748558,0.00115340253748558,0.00115340253748558,0.00115340253748558,0.00115340253748558,0.231833910034602,0.00115340253748558,0.289504036908881,0.00115340253748558,0.289504036908881,0.00115340253748558,0.116493656286044
DCDL-0017223,0.0017636684303351,0.0017636684303351,0.0017636684303351,0.0017636684303351,0.0017636684303351,0.0017636684303351,0.0017636684303351,0.0017636684303351,0.0017636684303351,0.354497354497354,0.0017636684303351,0.0017636684303351,0.0017636684303351,0.530864197530864,0.0017636684303351,0.0017636684303351,0.08994708994709
DCDL-0017228,0.00374531835205993,0.00374531835205993,0.00374531835205993,0.00374531835205993,0.00374531835205993,0.00374531835205993,0.00374531835205993,0.752808988764045,0.00374531835205993,0.00374531835205993,0.191011235955056,0.00374531835205993,0.00374531835205993,0.00374531835205993,0.00374531835205993,0.00374531835205993,0.00374531835205993
DCDL-0017229,0.32824427480916,0.00109051254089422,0.32824427480916,0.00109051254089422,0.00109051254089422,0.00109051254089422,0.00109051254089422,0.00109051254089422,0.00109051254089422,0.0556161395856052,0.00109051254089422,0.00109051254089422,0.00109051254089422,0.00109051254089422,0.00109051254089422,0.273718647764449,0.00109051254089422
DCDL-0017230,0.119179163378058,0.277032359905288,0.592738752959747,0.000789265982636148,0.000789265982636148,0.000789265982636148,0.000789265982636148,0.000789265982636148,0.000789265982636148,0.000789265982636148,0.000789265982636148,0.000789265982636148,0.000789265982636148,0.000789265982636148,0.000789265982636148,0.000789265982636148,0.000789265982636148
DCDL-0017231,0.000856898029134533,0.000856898029134533,0.343616109682948,0.000856898029134533,0.000856898029134533,0.000856898029134533,0.343616109682948,0.000856898029134533,0.000856898029134533,0.000856898029134533,0.172236503856041,0.000856898029134533,0.000856898029134533,0.000856898029134533,0.000856898029134533,0.129391602399314,0.000856898029134533
DCDL-0017239,0.000681663258350375,0.000681663258350375,0.000681663258350375,0.000681663258350375,0.682344921608725,0.000681663258350375,0.000681663258350375,0.000681663258350375,0.000681663258350375,0.000681663258350375,0.000681663258350375,0.102931152010907,0.0688479890933879,0.000681663258350375,0.000681663258350375,0.137014314928425,0.000681663258350375
DCDL-0017240,0.00214132762312634,0.00214132762312634,0.21627408993576,0.00214132762312634,0.00214132762312634,0.00214132762312634,0.430406852248394,0.00214132762312634,0.00214132762312634,0.00214132762312634,0.00214132762312634,0.00214132762312634,0.323340471092077,0.00214132762312634,0.00214132762312634,0.00214132762312634,0.00214132762312634
DCDL-0017242,0.000856898029134533,0.000856898029134533,0.000856898029134533,0.000856898029134533,0.000856898029134533,0.0437017994858612,0.0865467009425878,0.300771208226221,0.000856898029134533,0.000856898029134533,0.0437017994858612,0.000856898029134533,0.000856898029134533,0.514995715509854,0.000856898029134533,0.000856898029134533,0.000856898029134533
DCDL-0017244,0.926267281105991,0.00460829493087558,0.00460829493087558,0.00460829493087558,0.00460829493087558,0.00460829493087558,0.00460829493087558,0.00460829493087558,0.00460829493087558,0.00460829493087558,0.00460829493087558,0.00460829493087558,0.00460829493087558,0.00460829493087558,0.00460829493087558,0.00460829493087558,0.00460829493087558
DCDL-0017245,0.00149925037481259,0.00149925037481259,0.00149925037481259,0.00149925037481259,0.00149925037481259,0.00149925037481259,0.00149925037481259,0.00149925037481259,0.00149925037481259,0.00149925037481259,0.0764617691154423,0.00149925037481259,0.00149925037481259,0.00149925037481259,0.301349325337331,0.00149925037481259,0.60119940029985
DCDL-0017246,0.00115340253748558,0.00115340253748558,0.00115340253748558,0.00115340253748558,0.00115340253748558,0.00115340253748558,0.00115340253748558,0.981545559400231,0.00115340253748558,0.00115340253748558,0.00115340253748558,0.00115340253748558,0.00115340253748558,0.00115340253748558,0.00115340253748558,0.00115340253748558,0.00115340253748558
DCDL-0017247,0.00214132762312634,0.00214132762312634,0.00214132762312634,0.00214132762312634,0.00214132762312634,0.858672376873662,0.00214132762312634,0.00214132762312634,0.00214132762312634,0.00214132762312634,0.00214132762312634,0.109207708779443,0.00214132762312634,0.00214132762312634,0.00214132762312634,0.00214132762312634,0.00214132762312634
DCDL-0017250,0.00130378096479791,0.00130378096479791,0.00130378096479791,0.718383311603651,0.00130378096479791,0.00130378096479791,0.0664928292046936,0.00130378096479791,0.196870925684485,0.00130378096479791,0.00130378096479791,0.00130378096479791,0.00130378096479791,0.00130378096479791,0.00130378096479791,0.00130378096479791,0.00130378096479791
DCDL-0017252,0.00122399020807834,0.00122399020807834,0.00122399020807834,0.00122399020807834,0.00122399020807834,0.00122399020807834,0.00122399020807834,0.246022031823745,0.00122399020807834,0.00122399020807834,0.00122399020807834,0.00122399020807834,0.00122399020807834,0.123623011015912,0.00122399020807834,0.613219094247246,0.00122399020807834
DCDL-0017255,0.00130378096479791,0.00130378096479791,0.00130378096479791,0.00130378096479791,0.00130378096479791,0.0664928292046936,0.848761408083442,0.00130378096479791,0.00130378096479791,0.00130378096479791,0.0664928292046936,0.00130378096479791,0.00130378096479791,0.00130378096479791,0.00130378096479791,0.00130378096479791,0.00130378096479791
DCDL-0017257,0.989093387866394,0.000681663258350375,0.000681663258350375,0.000681663258350375,0.000681663258350375,0.000681663258350375,0.000681663258350375,0.000681663258350375,0.000681663258350375,0.000681663258350375,0.000681663258350375,0.000681663258350375,0.000681663258350375,0.000681663258350375,0.000681663258350375,0.000681663258350375,0.000681663258350375
DCDL-0017262,0.00109051254089422,0.00109051254089422,0.00109051254089422,0.00109051254089422,0.00109051254089422,0.00109051254089422,0.00109051254089422,0.00109051254089422,0.600872410032715,0.00109051254089422,0.00109051254089422,0.00109051254089422,0.00109051254089422,0.00109051254089422,0.00109051254089422,0.382769901853871,0.00109051254089422
DCDL-0017263,0.0829909613804437,0.000821692686935086,0.000821692686935086,0.0419063270336894,0.000821692686935086,0.000821692686935086,0.000821692686935086,0.000821692686935086,0.576006573541495,0.000821692686935086,0.206244864420707,0.0829909613804437,0.000821692686935086,0.000821692686935086,0.000821692686935086,0.000821692686935086,0.000821692686935086
DCDL-0017264,0.0664928292046936,0.00130378096479791,0.00130378096479791,0.00130378096479791,0.00130378096479791,0.00130378096479791,0.00130378096479791,0.522816166883963,0.0664928292046936,0.00130378096479791,0.00130378096479791,0.00130378096479791,0.00130378096479791,0.00130378096479791,0.00130378096479791,0.327249022164276,0.00130378096479791
DCDL-0017266,0.773654916512059,0.000618429189857761,0.000618429189857761,0.000618429189857761,0.000618429189857761,0.0624613481756339,0.000618429189857761,0.000618429189857761,0.000618429189857761,0.000618429189857761,0.000618429189857761,0.000618429189857761,0.12430426716141,0.000618429189857761,0.000618429189857761,0.0315398886827458,0.000618429189857761
