identifier,people_business_cbd_large_red_zone_owners_house,rubble_time_title_pm_plan_people_toilet,red_city_areas_red_zone_liquefaction_black_wearing,people_rescue_arm_surrounded_weeks_rubble_hand,finance_bill_english_holds_economy_large_represents_chch,portaloo_damage_house_toilet_portaloos_problems_back,buildings_march_huge_caused_kiwi_city_japan,aftershocks_word_liquefaction_aftershock_humour_version_great,buildings_people_heading_building_rebuild_refugees_city,move_zone_homes_orange_people_june_made,rugby_government_damage_cost_billion_auckland_prime,south_island_finance_reading_represents_damage_hit,bob_parker_mayor_elections_anderton_local_body_october,people_moon_asks_ken_ring_day_replies_predictions,cera_recovery_eqc_house_prime_work_shipping,council_city_government_tony_marryatt_pay_rise_comments_public,insurance_ami_companies_home_damage_version_company
DCDL-0017168,0.00122399020807834,0.00122399020807834,0.00122399020807834,0.490820073439412,0.00122399020807834,0.00122399020807834,0.00122399020807834,0.00122399020807834,0.490820073439412,0.00122399020807834,0.00122399020807834,0.00122399020807834,0.00122399020807834,0.00122399020807834,0.00122399020807834,0.00122399020807834,0.00122399020807834
DCDL-0017185,0.00139470013947001,0.00139470013947001,0.00139470013947001,0.00139470013947001,0.00139470013947001,0.00139470013947001,0.907949790794979,0.00139470013947001,0.00139470013947001,0.00139470013947001,0.00139470013947001,0.00139470013947001,0.00139470013947001,0.00139470013947001,0.0711297071129707,0.00139470013947001,0.00139470013947001
DCDL-0017178,0.244732576985413,0.00162074554294976,0.0826580226904376,0.00162074554294976,0.00162074554294976,0.00162074554294976,0.649918962722852,0.00162074554294976,0.00162074554294976,0.00162074554294976,0.00162074554294976,0.00162074554294976,0.00162074554294976,0.00162074554294976,0.00162074554294976,0.00162074554294976,0.00162074554294976
DCDL-0017174,0.00272479564032698,0.00272479564032698,0.00272479564032698,0.00272479564032698,0.00272479564032698,0.00272479564032698,0.683923705722071,0.00272479564032698,0.138964577656676,0.00272479564032698,0.00272479564032698,0.138964577656676,0.00272479564032698,0.00272479564032698,0.00272479564032698,0.00272479564032698,0.00272479564032698
DCDL-0017205,0.693194925028835,0.00115340253748558,0.00115340253748558,0.0588235294117647,0.00115340253748558,0.00115340253748558,0.00115340253748558,0.00115340253748558,0.00115340253748558,0.00115340253748558,0.00115340253748558,0.00115340253748558,0.231833910034602,0.00115340253748558,0.00115340253748558,0.00115340253748558,0.00115340253748558
DCDL-0017305,0.00149925037481259,0.00149925037481259,0.451274362818591,0.00149925037481259,0.00149925037481259,0.00149925037481259,0.00149925037481259,0.52623688155922,0.00149925037481259,0.00149925037481259,0.00149925037481259,0.00149925037481259,0.00149925037481259,0.00149925037481259,0.00149925037481259,0.00149925037481259,0.00149925037481259
DCDL-0017204,0.00315457413249211,0.00315457413249211,0.00315457413249211,0.949526813880126,0.00315457413249211,0.00315457413249211,0.00315457413249211,0.00315457413249211,0.00315457413249211,0.00315457413249211,0.00315457413249211,0.00315457413249211,0.00315457413249211,0.00315457413249211,0.00315457413249211,0.00315457413249211,0.00315457413249211
DCDL-0017151,0.00193423597678917,0.00193423597678917,0.00193423597678917,0.58220502901354,0.388781431334623,0.00193423597678917,0.00193423597678917,0.00193423597678917,0.00193423597678917,0.00193423597678917,0.00193423597678917,0.00193423597678917,0.00193423597678917,0.00193423597678917,0.00193423597678917,0.00193423597678917,0.00193423597678917
DCDL-0017222,0.00115340253748558,0.00115340253748558,0.00115340253748558,0.00115340253748558,0.404844290657439,0.00115340253748558,0.289504036908881,0.00115340253748558,0.289504036908881,0.00115340253748558,0.00115340253748558,0.00115340253748558,0.00115340253748558,0.00115340253748558,0.00115340253748558,0.00115340253748558,0.00115340253748558
DCDL-0017244,0.00460829493087558,0.00460829493087558,0.00460829493087558,0.00460829493087558,0.00460829493087558,0.926267281105991,0.00460829493087558,0.00460829493087558,0.00460829493087558,0.00460829493087558,0.00460829493087558,0.00460829493087558,0.00460829493087558,0.00460829493087558,0.00460829493087558,0.00460829493087558,0.00460829493087558
DCDL-0021187,0.00193423597678917,0.00193423597678917,0.00193423597678917,0.58220502901354,0.00193423597678917,0.00193423597678917,0.388781431334623,0.00193423597678917,0.00193423597678917,0.00193423597678917,0.00193423597678917,0.00193423597678917,0.00193423597678917,0.00193423597678917,0.00193423597678917,0.00193423597678917,0.00193423597678917
DCDL-0017210,0.00130378096479791,0.00130378096479791,0.457627118644068,0.00130378096479791,0.00130378096479791,0.00130378096479791,0.0664928292046936,0.00130378096479791,0.0664928292046936,0.00130378096479791,0.0664928292046936,0.00130378096479791,0.00130378096479791,0.00130378096479791,0.00130378096479791,0.327249022164276,0.00130378096479791
DCDL-0017156,0.00315457413249211,0.00315457413249211,0.00315457413249211,0.00315457413249211,0.00315457413249211,0.00315457413249211,0.00315457413249211,0.949526813880126,0.00315457413249211,0.00315457413249211,0.00315457413249211,0.00315457413249211,0.00315457413249211,0.00315457413249211,0.00315457413249211,0.00315457413249211,0.00315457413249211
DCDL-0021186,0.00115340253748558,0.00115340253748558,0.00115340253748558,0.923875432525952,0.00115340253748558,0.00115340253748558,0.00115340253748558,0.0588235294117647,0.00115340253748558,0.00115340253748558,0.00115340253748558,0.00115340253748558,0.00115340253748558,0.00115340253748558,0.00115340253748558,0.00115340253748558,0.00115340253748558
DCDL-0017239,0.000681663258350375,0.000681663258350375,0.2733469665985,0.000681663258350375,0.443762781186094,0.000681663258350375,0.000681663258350375,0.000681663258350375,0.000681663258350375,0.000681663258350375,0.000681663258350375,0.000681663258350375,0.2733469665985,0.000681663258350375,0.000681663258350375,0.000681663258350375,0.000681663258350375
DCDL-0017203,0.00103412616339193,0.00103412616339193,0.00103412616339193,0.362978283350569,0.311271975180972,0.00103412616339193,0.00103412616339193,0.00103412616339193,0.00103412616339193,0.00103412616339193,0.00103412616339193,0.00103412616339193,0.00103412616339193,0.156153050672182,0.00103412616339193,0.00103412616339193,0.156153050672182
DCDL-0017142,0.00115340253748558,0.00115340253748558,0.174163783160323,0.00115340253748558,0.116493656286044,0.00115340253748558,0.00115340253748558,0.00115340253748558,0.34717416378316,0.0588235294117647,0.00115340253748558,0.00115340253748558,0.00115340253748558,0.00115340253748558,0.231833910034602,0.00115340253748558,0.0588235294117647
DCDL-0017173,0.00139470013947001,0.00139470013947001,0.00139470013947001,0.698744769874477,0.00139470013947001,0.00139470013947001,0.00139470013947001,0.00139470013947001,0.00139470013947001,0.00139470013947001,0.00139470013947001,0.280334728033473,0.00139470013947001,0.00139470013947001,0.00139470013947001,0.00139470013947001,0.00139470013947001
DCDL-0017152,0.00272479564032698,0.00272479564032698,0.00272479564032698,0.683923705722071,0.275204359673025,0.00272479564032698,0.00272479564032698,0.00272479564032698,0.00272479564032698,0.00272479564032698,0.00272479564032698,0.00272479564032698,0.00272479564032698,0.00272479564032698,0.00272479564032698,0.00272479564032698,0.00272479564032698
DCDL-0016804,0.00460829493087558,0.00460829493087558,0.00460829493087558,0.00460829493087558,0.00460829493087558,0.00460829493087558,0.00460829493087558,0.926267281105991,0.00460829493087558,0.00460829493087558,0.00460829493087558,0.00460829493087558,0.00460829493087558,0.00460829493087558,0.00460829493087558,0.00460829493087558,0.00460829493087558
DCDL-0015839,0.275204359673025,0.00272479564032698,0.00272479564032698,0.00272479564032698,0.00272479564032698,0.00272479564032698,0.00272479564032698,0.411444141689373,0.275204359673025,0.00272479564032698,0.00272479564032698,0.00272479564032698,0.00272479564032698,0.00272479564032698,0.00272479564032698,0.00272479564032698,0.00272479564032698
DCDL-0017163,0.00162074554294976,0.00162074554294976,0.00162074554294976,0.73095623987034,0.00162074554294976,0.00162074554294976,0.00162074554294976,0.00162074554294976,0.0826580226904376,0.00162074554294976,0.00162074554294976,0.163695299837925,0.00162074554294976,0.00162074554294976,0.00162074554294976,0.00162074554294976,0.00162074554294976
DCDL-0015539,0.00272479564032698,0.00272479564032698,0.138964577656676,0.683923705722071,0.00272479564032698,0.00272479564032698,0.00272479564032698,0.00272479564032698,0.00272479564032698,0.00272479564032698,0.00272479564032698,0.00272479564032698,0.00272479564032698,0.00272479564032698,0.00272479564032698,0.138964577656676,0.00272479564032698
DCDL-0017252,0.00122399020807834,0.00122399020807834,0.00122399020807834,0.490820073439412,0.00122399020807834,0.00122399020807834,0.00122399020807834,0.00122399020807834,0.00122399020807834,0.00122399020807834,0.490820073439412,0.00122399020807834,0.00122399020807834,0.00122399020807834,0.00122399020807834,0.00122399020807834,0.00122399020807834
DCDL-0017179,0.00162074554294976,0.00162074554294976,0.00162074554294976,0.00162074554294976,0.00162074554294976,0.325769854132901,0.00162074554294976,0.00162074554294976,0.00162074554294976,0.00162074554294976,0.00162074554294976,0.00162074554294976,0.649918962722852,0.00162074554294976,0.00162074554294976,0.00162074554294976,0.00162074554294976
DCDL-0017169,0.00149925037481259,0.00149925037481259,0.00149925037481259,0.0764617691154423,0.00149925037481259,0.00149925037481259,0.52623688155922,0.00149925037481259,0.376311844077961,0.00149925037481259,0.00149925037481259,0.00149925037481259,0.00149925037481259,0.00149925037481259,0.00149925037481259,0.00149925037481259,0.00149925037481259
DCDL-0017209,0.0387243735763098,0.835990888382688,0.000759301442672741,0.114654517843584,0.000759301442672741,0.000759301442672741,0.000759301442672741,0.000759301442672741,0.000759301442672741,0.000759301442672741,0.000759301442672741,0.000759301442672741,0.000759301442672741,0.000759301442672741,0.000759301442672741,0.000759301442672741,0.000759301442672741
DCDL-0017181,0.419804741980474,0.00139470013947001,0.00139470013947001,0.559274755927476,0.00139470013947001,0.00139470013947001,0.00139470013947001,0.00139470013947001,0.00139470013947001,0.00139470013947001,0.00139470013947001,0.00139470013947001,0.00139470013947001,0.00139470013947001,0.00139470013947001,0.00139470013947001,0.00139470013947001
DCDL-0017200,0.00193423597678917,0.00193423597678917,0.00193423597678917,0.0986460348162476,0.00193423597678917,0.00193423597678917,0.678916827852998,0.195357833655706,0.00193423597678917,0.00193423597678917,0.00193423597678917,0.00193423597678917,0.00193423597678917,0.00193423597678917,0.00193423597678917,0.00193423597678917,0.00193423597678917
DCDL-0017160,0.00149925037481259,0.151424287856072,0.00149925037481259,0.00149925037481259,0.376311844077961,0.00149925037481259,0.226386806596702,0.00149925037481259,0.00149925037481259,0.00149925037481259,0.00149925037481259,0.226386806596702,0.00149925037481259,0.00149925037481259,0.00149925037481259,0.00149925037481259,0.00149925037481259
DCDL-0017208,0.658175842235004,0.000821692686935086,0.0829909613804437,0.000821692686935086,0.206244864420707,0.000821692686935086,0.000821692686935086,0.000821692686935086,0.000821692686935086,0.000821692686935086,0.000821692686935086,0.000821692686935086,0.000821692686935086,0.000821692686935086,0.000821692686935086,0.000821692686935086,0.0419063270336894
DCDL-0017164,0.00598802395209581,0.00598802395209581,0.00598802395209581,0.604790419161677,0.00598802395209581,0.305389221556886,0.00598802395209581,0.00598802395209581,0.00598802395209581,0.00598802395209581,0.00598802395209581,0.00598802395209581,0.00598802395209581,0.00598802395209581,0.00598802395209581,0.00598802395209581,0.00598802395209581
DCDL-0017230,0.000789265982636148,0.000789265982636148,0.000789265982636148,0.000789265982636148,0.000789265982636148,0.000789265982636148,0.868981846882399,0.000789265982636148,0.000789265982636148,0.000789265982636148,0.119179163378058,0.000789265982636148,0.000789265982636148,0.000789265982636148,0.000789265982636148,0.000789265982636148,0.000789265982636148
DCDL-0017307,0.000705716302046577,0.000705716302046577,0.000705716302046577,0.000705716302046577,0.000705716302046577,0.000705716302046577,0.671136203246295,0.000705716302046577,0.000705716302046577,0.000705716302046577,0.000705716302046577,0.000705716302046577,0.000705716302046577,0.000705716302046577,0.318278052223006,0.000705716302046577,0.000705716302046577
DCDL-0017217,0.00162074554294976,0.00162074554294976,0.00162074554294976,0.406807131280389,0.00162074554294976,0.00162074554294976,0.00162074554294976,0.00162074554294976,0.325769854132901,0.00162074554294976,0.00162074554294976,0.00162074554294976,0.00162074554294976,0.00162074554294976,0.244732576985413,0.00162074554294976,0.00162074554294976
DCDL-0017170,0.00162074554294976,0.163695299837925,0.00162074554294976,0.00162074554294976,0.00162074554294976,0.00162074554294976,0.00162074554294976,0.00162074554294976,0.00162074554294976,0.00162074554294976,0.406807131280389,0.00162074554294976,0.00162074554294976,0.00162074554294976,0.00162074554294976,0.00162074554294976,0.406807131280389
DCDL-0017157,0.00272479564032698,0.00272479564032698,0.00272479564032698,0.00272479564032698,0.00272479564032698,0.00272479564032698,0.683923705722071,0.00272479564032698,0.00272479564032698,0.275204359673025,0.00272479564032698,0.00272479564032698,0.00272479564032698,0.00272479564032698,0.00272479564032698,0.00272479564032698,0.00272479564032698
DCDL-0017207,0.00109051254089422,0.709923664122137,0.00109051254089422,0.00109051254089422,0.00109051254089422,0.110141766630316,0.00109051254089422,0.00109051254089422,0.00109051254089422,0.00109051254089422,0.00109051254089422,0.00109051254089422,0.00109051254089422,0.00109051254089422,0.00109051254089422,0.00109051254089422,0.164667393675027
DCDL-0017246,0.00115340253748558,0.00115340253748558,0.00115340253748558,0.34717416378316,0.00115340253748558,0.00115340253748558,0.00115340253748558,0.462514417531719,0.00115340253748558,0.00115340253748558,0.00115340253748558,0.00115340253748558,0.00115340253748558,0.00115340253748558,0.00115340253748558,0.174163783160323,0.00115340253748558
DCDL-0017223,0.0017636684303351,0.0017636684303351,0.0017636684303351,0.0017636684303351,0.0017636684303351,0.0017636684303351,0.0017636684303351,0.0017636684303351,0.0017636684303351,0.2663139329806,0.0017636684303351,0.2663139329806,0.0017636684303351,0.0017636684303351,0.0017636684303351,0.442680776014109,0.0017636684303351
DCDL-0017166,0.210599721059972,0.00139470013947001,0.00139470013947001,0.00139470013947001,0.00139470013947001,0.00139470013947001,0.00139470013947001,0.00139470013947001,0.00139470013947001,0.00139470013947001,0.00139470013947001,0.768479776847978,0.00139470013947001,0.00139470013947001,0.00139470013947001,0.00139470013947001,0.00139470013947001
DCDL-0017216,0.00193423597678917,0.00193423597678917,0.00193423597678917,0.969052224371373,0.00193423597678917,0.00193423597678917,0.00193423597678917,0.00193423597678917,0.00193423597678917,0.00193423597678917,0.00193423597678917,0.00193423597678917,0.00193423597678917,0.00193423597678917,0.00193423597678917,0.00193423597678917,0.00193423597678917
DCDL-0017162,0.000638162093171666,0.000638162093171666,0.000638162093171666,0.000638162093171666,0.223994894703255,0.000638162093171666,0.287811104020421,0.000638162093171666,0.000638162093171666,0.000638162093171666,0.000638162093171666,0.0963624760689215,0.000638162093171666,0.000638162093171666,0.000638162093171666,0.383535417996171,0.000638162093171666
DCDL-0017231,0.000856898029134533,0.000856898029134533,0.0865467009425878,0.343616109682948,0.000856898029134533,0.129391602399314,0.000856898029134533,0.0437017994858612,0.000856898029134533,0.000856898029134533,0.000856898029134533,0.000856898029134533,0.000856898029134533,0.386461011139674,0.000856898029134533,0.000856898029134533,0.000856898029134533
DCDL-0017159,0.000789265982636148,0.39542225730071,0.000789265982636148,0.000789265982636148,0.000789265982636148,0.000789265982636148,0.000789265982636148,0.000789265982636148,0.000789265982636148,0.000789265982636148,0.000789265982636148,0.000789265982636148,0.000789265982636148,0.000789265982636148,0.000789265982636148,0.000789265982636148,0.592738752959747
DCDL-0017211,0.00149925037481259,0.00149925037481259,0.00149925037481259,0.00149925037481259,0.151424287856072,0.00149925037481259,0.00149925037481259,0.00149925037481259,0.826086956521739,0.00149925037481259,0.00149925037481259,0.00149925037481259,0.00149925037481259,0.00149925037481259,0.00149925037481259,0.00149925037481259,0.00149925037481259
DCDL-0017187,0.000983284169124877,0.000983284169124877,0.000983284169124877,0.000983284169124877,0.000983284169124877,0.000983284169124877,0.689282202556539,0.000983284169124877,0.000983284169124877,0.0501474926253687,0.000983284169124877,0.246804326450344,0.000983284169124877,0.000983284169124877,0.000983284169124877,0.000983284169124877,0.000983284169124877
DCDL-0017177,0.0017636684303351,0.178130511463845,0.0017636684303351,0.530864197530864,0.0017636684303351,0.0017636684303351,0.0017636684303351,0.0017636684303351,0.0017636684303351,0.0017636684303351,0.0017636684303351,0.0017636684303351,0.0017636684303351,0.0017636684303351,0.0017636684303351,0.2663139329806,0.0017636684303351
DCDL-0017229,0.00109051254089422,0.164667393675027,0.00109051254089422,0.00109051254089422,0.273718647764449,0.00109051254089422,0.437295528898582,0.00109051254089422,0.00109051254089422,0.00109051254089422,0.00109051254089422,0.00109051254089422,0.00109051254089422,0.110141766630316,0.00109051254089422,0.00109051254089422,0.00109051254089422
DCDL-0017150,0.00239808153477218,0.00239808153477218,0.721822541966427,0.00239808153477218,0.00239808153477218,0.00239808153477218,0.00239808153477218,0.00239808153477218,0.00239808153477218,0.00239808153477218,0.24220623501199,0.00239808153477218,0.00239808153477218,0.00239808153477218,0.00239808153477218,0.00239808153477218,0.00239808153477218
DCDL-0017255,0.00130378096479791,0.00130378096479791,0.00130378096479791,0.00130378096479791,0.00130378096479791,0.00130378096479791,0.00130378096479791,0.00130378096479791,0.979139504563233,0.00130378096479791,0.00130378096479791,0.00130378096479791,0.00130378096479791,0.00130378096479791,0.00130378096479791,0.00130378096479791,0.00130378096479791
DCDL-0017263,0.000821692686935086,0.000821692686935086,0.000821692686935086,0.000821692686935086,0.000821692686935086,0.000821692686935086,0.000821692686935086,0.000821692686935086,0.000821692686935086,0.000821692686935086,0.000821692686935086,0.863599013968776,0.000821692686935086,0.000821692686935086,0.000821692686935086,0.000821692686935086,0.124075595727198
DCDL-0015522,0.00315457413249211,0.949526813880126,0.00315457413249211,0.00315457413249211,0.00315457413249211,0.00315457413249211,0.00315457413249211,0.00315457413249211,0.00315457413249211,0.00315457413249211,0.00315457413249211,0.00315457413249211,0.00315457413249211,0.00315457413249211,0.00315457413249211,0.00315457413249211,0.00315457413249211
DCDL-0016946,0.00193423597678917,0.388781431334623,0.00193423597678917,0.292069632495164,0.00193423597678917,0.00193423597678917,0.00193423597678917,0.292069632495164,0.00193423597678917,0.00193423597678917,0.00193423597678917,0.00193423597678917,0.00193423597678917,0.00193423597678917,0.00193423597678917,0.00193423597678917,0.00193423597678917
DCDL-0017277,0.000759301442672741,0.000759301442672741,0.000759301442672741,0.000759301442672741,0.000759301442672741,0.190584662110858,0.456340167046317,0.000759301442672741,0.000759301442672741,0.000759301442672741,0.000759301442672741,0.000759301442672741,0.000759301442672741,0.342444950645406,0.000759301442672741,0.000759301442672741,0.000759301442672741
DCDL-0017264,0.00130378096479791,0.00130378096479791,0.00130378096479791,0.00130378096479791,0.327249022164276,0.00130378096479791,0.00130378096479791,0.262059973924381,0.00130378096479791,0.00130378096479791,0.00130378096479791,0.392438070404172,0.00130378096479791,0.00130378096479791,0.00130378096479791,0.00130378096479791,0.00130378096479791
DCDL-0017242,0.000856898029134533,0.000856898029134533,0.000856898029134533,0.000856898029134533,0.0437017994858612,0.343616109682948,0.000856898029134533,0.343616109682948,0.000856898029134533,0.000856898029134533,0.000856898029134533,0.000856898029134533,0.000856898029134533,0.257926306769494,0.000856898029134533,0.000856898029134533,0.000856898029134533
DCDL-0020261,0.00272479564032698,0.00272479564032698,0.00272479564032698,0.956403269754768,0.00272479564032698,0.00272479564032698,0.00272479564032698,0.00272479564032698,0.00272479564032698,0.00272479564032698,0.00272479564032698,0.00272479564032698,0.00272479564032698,0.00272479564032698,0.00272479564032698,0.00272479564032698,0.00272479564032698
DCDL-0017292,0.196870925684485,0.00130378096479791,0.00130378096479791,0.00130378096479791,0.00130378096479791,0.00130378096479791,0.00130378096479791,0.00130378096479791,0.00130378096479791,0.262059973924381,0.522816166883963,0.00130378096479791,0.00130378096479791,0.00130378096479791,0.00130378096479791,0.00130378096479791,0.00130378096479791
DCDL-0017165,0.00115340253748558,0.00115340253748558,0.00115340253748558,0.00115340253748558,0.00115340253748558,0.00115340253748558,0.116493656286044,0.00115340253748558,0.00115340253748558,0.00115340253748558,0.00115340253748558,0.866205305651672,0.00115340253748558,0.00115340253748558,0.00115340253748558,0.00115340253748558,0.00115340253748558
DCDL-0016259,0.00109051254089422,0.110141766630316,0.00109051254089422,0.00109051254089422,0.00109051254089422,0.0556161395856052,0.164667393675027,0.00109051254089422,0.32824427480916,0.00109051254089422,0.00109051254089422,0.00109051254089422,0.00109051254089422,0.164667393675027,0.110141766630316,0.0556161395856052,0.00109051254089422
DCDL-0017521,0.00214132762312634,0.00214132762312634,0.00214132762312634,0.00214132762312634,0.00214132762312634,0.00214132762312634,0.00214132762312634,0.00214132762312634,0.21627408993576,0.00214132762312634,0.537473233404711,0.00214132762312634,0.00214132762312634,0.00214132762312634,0.21627408993576,0.00214132762312634,0.00214132762312634
DCDL-0015726,0.00193423597678917,0.00193423597678917,0.00193423597678917,0.485493230174081,0.00193423597678917,0.00193423597678917,0.00193423597678917,0.00193423597678917,0.00193423597678917,0.00193423597678917,0.00193423597678917,0.00193423597678917,0.00193423597678917,0.00193423597678917,0.00193423597678917,0.485493230174081,0.00193423597678917
DCDL-0019836,0.000895255147717099,0.000895255147717099,0.000895255147717099,0.000895255147717099,0.000895255147717099,0.000895255147717099,0.000895255147717099,0.940913160250671,0.000895255147717099,0.000895255147717099,0.0456580125335721,0.000895255147717099,0.000895255147717099,0.000895255147717099,0.000895255147717099,0.000895255147717099,0.000895255147717099
DCDL-0019633,0.00122399020807834,0.00122399020807834,0.00122399020807834,0.00122399020807834,0.00122399020807834,0.00122399020807834,0.0624235006119951,0.00122399020807834,0.552019583843329,0.00122399020807834,0.00122399020807834,0.368421052631579,0.00122399020807834,0.00122399020807834,0.00122399020807834,0.00122399020807834,0.00122399020807834
DCDL-0018823,0.00149925037481259,0.00149925037481259,0.00149925037481259,0.0764617691154423,0.0764617691154423,0.00149925037481259,0.00149925037481259,0.00149925037481259,0.301349325337331,0.00149925037481259,0.52623688155922,0.00149925037481259,0.00149925037481259,0.00149925037481259,0.00149925037481259,0.00149925037481259,0.00149925037481259
DCDL-0018751,0.00374531835205993,0.00374531835205993,0.00374531835205993,0.565543071161049,0.00374531835205993,0.00374531835205993,0.191011235955056,0.00374531835205993,0.00374531835205993,0.191011235955056,0.00374531835205993,0.00374531835205993,0.00374531835205993,0.00374531835205993,0.00374531835205993,0.00374531835205993,0.00374531835205993
DCDL-0019847,0.00130378096479791,0.00130378096479791,0.00130378096479791,0.00130378096479791,0.00130378096479791,0.00130378096479791,0.00130378096479791,0.979139504563233,0.00130378096479791,0.00130378096479791,0.00130378096479791,0.00130378096479791,0.00130378096479791,0.00130378096479791,0.00130378096479791,0.00130378096479791,0.00130378096479791
DCDL-0017276,0.00115340253748558,0.289504036908881,0.00115340253748558,0.00115340253748558,0.00115340253748558,0.520184544405998,0.00115340253748558,0.00115340253748558,0.00115340253748558,0.00115340253748558,0.00115340253748558,0.00115340253748558,0.00115340253748558,0.00115340253748558,0.174163783160323,0.00115340253748558,0.00115340253748558
DCDL-0017228,0.00374531835205993,0.00374531835205993,0.00374531835205993,0.00374531835205993,0.00374531835205993,0.00374531835205993,0.00374531835205993,0.565543071161049,0.00374531835205993,0.00374531835205993,0.378277153558052,0.00374531835205993,0.00374531835205993,0.00374531835205993,0.00374531835205993,0.00374531835205993,0.00374531835205993
DCDL-0017504,0.00139470013947001,0.0711297071129707,0.00139470013947001,0.00139470013947001,0.350069735006973,0.00139470013947001,0.210599721059972,0.350069735006973,0.00139470013947001,0.00139470013947001,0.00139470013947001,0.00139470013947001,0.00139470013947001,0.00139470013947001,0.00139470013947001,0.00139470013947001,0.00139470013947001
DCDL-0020304,0.00130378096479791,0.00130378096479791,0.00130378096479791,0.00130378096479791,0.0664928292046936,0.00130378096479791,0.00130378096479791,0.00130378096479791,0.00130378096479791,0.00130378096479791,0.392438070404172,0.00130378096479791,0.00130378096479791,0.00130378096479791,0.00130378096479791,0.522816166883963,0.00130378096479791
DCDL-0018401,0.00162074554294976,0.649918962722852,0.00162074554294976,0.00162074554294976,0.00162074554294976,0.00162074554294976,0.00162074554294976,0.00162074554294976,0.00162074554294976,0.325769854132901,0.00162074554294976,0.00162074554294976,0.00162074554294976,0.00162074554294976,0.00162074554294976,0.00162074554294976,0.00162074554294976
DCDL-0017304,0.00103412616339193,0.00103412616339193,0.0527404343329886,0.00103412616339193,0.00103412616339193,0.00103412616339193,0.00103412616339193,0.00103412616339193,0.00103412616339193,0.00103412616339193,0.466390899689762,0.00103412616339193,0.00103412616339193,0.311271975180972,0.156153050672182,0.00103412616339193,0.00103412616339193
DCDL-0018142,0.000821692686935086,0.000821692686935086,0.000821692686935086,0.32949876746097,0.000821692686935086,0.000821692686935086,0.000821692686935086,0.000821692686935086,0.000821692686935086,0.658175842235004,0.000821692686935086,0.000821692686935086,0.000821692686935086,0.000821692686935086,0.000821692686935086,0.000821692686935086,0.000821692686935086
DCDL-0020021,0.402597402597403,0.000618429189857761,0.093382807668522,0.000618429189857761,0.000618429189857761,0.000618429189857761,0.000618429189857761,0.000618429189857761,0.000618429189857761,0.27891156462585,0.000618429189857761,0.000618429189857761,0.000618429189857761,0.000618429189857761,0.000618429189857761,0.217068645640074,0.000618429189857761
DCDL-0017247,0.00214132762312634,0.00214132762312634,0.537473233404711,0.00214132762312634,0.00214132762312634,0.00214132762312634,0.00214132762312634,0.109207708779443,0.21627408993576,0.00214132762312634,0.00214132762312634,0.00214132762312634,0.00214132762312634,0.00214132762312634,0.00214132762312634,0.109207708779443,0.00214132762312634
DCDL-0018184,0.165458141067897,0.000659195781147001,0.0665787738958471,0.000659195781147001,0.000659195781147001,0.000659195781147001,0.000659195781147001,0.000659195781147001,0.000659195781147001,0.758734344100198,0.000659195781147001,0.000659195781147001,0.000659195781147001,0.000659195781147001,0.000659195781147001,0.000659195781147001,0.000659195781147001
DCDL-0017338,0.0280682443588332,0.44083654375344,0.000550357732526142,0.000550357732526142,0.000550357732526142,0.138139790864062,0.110621904237755,0.0280682443588332,0.000550357732526142,0.000550357732526142,0.000550357732526142,0.000550357732526142,0.24821133736929,0.000550357732526142,0.000550357732526142,0.000550357732526142,0.000550357732526142
DCDL-0018584,0.000705716302046577,0.000705716302046577,0.318278052223006,0.000705716302046577,0.000705716302046577,0.000705716302046577,0.000705716302046577,0.21242060691602,0.0359915314043754,0.000705716302046577,0.282992237120677,0.141848976711362,0.000705716302046577,0.000705716302046577,0.000705716302046577,0.000705716302046577,0.000705716302046577
DCDL-0015713,0.00122399020807834,0.00122399020807834,0.00122399020807834,0.00122399020807834,0.00122399020807834,0.00122399020807834,0.00122399020807834,0.00122399020807834,0.00122399020807834,0.00122399020807834,0.0624235006119951,0.00122399020807834,0.858017135862913,0.0624235006119951,0.00122399020807834,0.00122399020807834,0.00122399020807834
DCDL-0015519,0.0764617691154423,0.00149925037481259,0.00149925037481259,0.00149925037481259,0.00149925037481259,0.0764617691154423,0.00149925037481259,0.00149925037481259,0.00149925037481259,0.00149925037481259,0.00149925037481259,0.826086956521739,0.00149925037481259,0.00149925037481259,0.00149925037481259,0.00149925037481259,0.00149925037481259
DCDL-0017904,0.123623011015912,0.00122399020807834,0.246022031823745,0.123623011015912,0.00122399020807834,0.00122399020807834,0.123623011015912,0.00122399020807834,0.00122399020807834,0.00122399020807834,0.00122399020807834,0.00122399020807834,0.00122399020807834,0.00122399020807834,0.368421052631579,0.00122399020807834,0.00122399020807834
DCDL-0017953,0.000821692686935086,0.000821692686935086,0.0419063270336894,0.000821692686935086,0.000821692686935086,0.000821692686935086,0.000821692686935086,0.000821692686935086,0.822514379622021,0.000821692686935086,0.000821692686935086,0.000821692686935086,0.000821692686935086,0.000821692686935086,0.000821692686935086,0.124075595727198,0.000821692686935086
DCDL-0019870,0.00149925037481259,0.00149925037481259,0.00149925037481259,0.00149925037481259,0.00149925037481259,0.0764617691154423,0.00149925037481259,0.376311844077961,0.52623688155922,0.00149925037481259,0.00149925037481259,0.00149925037481259,0.00149925037481259,0.00149925037481259,0.00149925037481259,0.00149925037481259,0.00149925037481259
DCDL-0019861,0.0017636684303351,0.0017636684303351,0.0017636684303351,0.0017636684303351,0.0017636684303351,0.0017636684303351,0.0017636684303351,0.971781305114638,0.0017636684303351,0.0017636684303351,0.0017636684303351,0.0017636684303351,0.0017636684303351,0.0017636684303351,0.0017636684303351,0.0017636684303351,0.0017636684303351
DCDL-0017938,0.600479904019196,0.000599880023995201,0.000599880023995201,0.000599880023995201,0.000599880023995201,0.000599880023995201,0.000599880023995201,0.180563887222556,0.000599880023995201,0.000599880023995201,0.000599880023995201,0.000599880023995201,0.000599880023995201,0.000599880023995201,0.000599880023995201,0.210557888422316,0.000599880023995201
DCDL-0015720,0.00115340253748558,0.00115340253748558,0.00115340253748558,0.00115340253748558,0.00115340253748558,0.00115340253748558,0.00115340253748558,0.00115340253748558,0.00115340253748558,0.00115340253748558,0.00115340253748558,0.00115340253748558,0.981545559400231,0.00115340253748558,0.00115340253748558,0.00115340253748558,0.00115340253748558
DCDL-0017889,0.000659195781147001,0.0665787738958471,0.429136453526697,0.033618984838497,0.000659195781147001,0.132498352010547,0.297297297297297,0.000659195781147001,0.000659195781147001,0.033618984838497,0.000659195781147001,0.000659195781147001,0.000659195781147001,0.000659195781147001,0.000659195781147001,0.000659195781147001,0.000659195781147001
DCDL-0017306,0.00109051254089422,0.00109051254089422,0.00109051254089422,0.00109051254089422,0.00109051254089422,0.32824427480916,0.00109051254089422,0.00109051254089422,0.00109051254089422,0.0556161395856052,0.491821155943293,0.00109051254089422,0.00109051254089422,0.00109051254089422,0.00109051254089422,0.110141766630316,0.00109051254089422
DCDL-0017511,0.00103412616339193,0.00103412616339193,0.00103412616339193,0.00103412616339193,0.00103412616339193,0.621509824198552,0.00103412616339193,0.362978283350569,0.00103412616339193,0.00103412616339193,0.00103412616339193,0.00103412616339193,0.00103412616339193,0.00103412616339193,0.00103412616339193,0.00103412616339193,0.00103412616339193
DCDL-0019825,0.104446742502585,0.00103412616339193,0.00103412616339193,0.00103412616339193,0.00103412616339193,0.00103412616339193,0.00103412616339193,0.880041365046536,0.00103412616339193,0.00103412616339193,0.00103412616339193,0.00103412616339193,0.00103412616339193,0.00103412616339193,0.00103412616339193,0.00103412616339193,0.00103412616339193
DCDL-0018512,0.00103412616339193,0.362978283350569,0.414684591520165,0.00103412616339193,0.00103412616339193,0.00103412616339193,0.00103412616339193,0.00103412616339193,0.00103412616339193,0.104446742502585,0.104446742502585,0.00103412616339193,0.00103412616339193,0.00103412616339193,0.00103412616339193,0.00103412616339193,0.00103412616339193
DCDL-0017287,0.000483792936623125,0.000483792936623125,0.556845670053217,0.000483792936623125,0.000483792936623125,0.000483792936623125,0.000483792936623125,0.000483792936623125,0.000483792936623125,0.000483792936623125,0.435897435897436,0.000483792936623125,0.000483792936623125,0.000483792936623125,0.000483792936623125,0.000483792936623125,0.000483792936623125
DCDL-0017773,0.000659195781147001,0.033618984838497,0.000659195781147001,0.000659195781147001,0.000659195781147001,0.000659195781147001,0.000659195781147001,0.000659195781147001,0.000659195781147001,0.000659195781147001,0.000659195781147001,0.264337508239947,0.000659195781147001,0.198417930125247,0.000659195781147001,0.495056031641397,0.000659195781147001
DCDL-0018335,0.000983284169124877,0.000983284169124877,0.000983284169124877,0.000983284169124877,0.000983284169124877,0.000983284169124877,0.000983284169124877,0.000983284169124877,0.689282202556539,0.000983284169124877,0.295968534906588,0.000983284169124877,0.000983284169124877,0.000983284169124877,0.000983284169124877,0.000983284169124877,0.000983284169124877
DCDL-0021212,0.0826580226904376,0.73095623987034,0.00162074554294976,0.00162074554294976,0.00162074554294976,0.00162074554294976,0.00162074554294976,0.00162074554294976,0.00162074554294976,0.00162074554294976,0.163695299837925,0.00162074554294976,0.00162074554294976,0.00162074554294976,0.00162074554294976,0.00162074554294976,0.00162074554294976
DCDL-0021526,0.00149925037481259,0.00149925037481259,0.00149925037481259,0.00149925037481259,0.00149925037481259,0.376311844077961,0.00149925037481259,0.00149925037481259,0.00149925037481259,0.301349325337331,0.00149925037481259,0.00149925037481259,0.00149925037481259,0.00149925037481259,0.00149925037481259,0.301349325337331,0.00149925037481259
DCDL-0018444,0.0005824111822947,0.0879440885264997,0.14618520675597,0.0005824111822947,0.0297029702970297,0.0005824111822947,0.0005824111822947,0.0879440885264997,0.0005824111822947,0.0005824111822947,0.0005824111822947,0.0005824111822947,0.0005824111822947,0.61211415259173,0.0005824111822947,0.0005824111822947,0.0297029702970297
DCDL-0021521,0.000821692686935086,0.000821692686935086,0.000821692686935086,0.000821692686935086,0.000821692686935086,0.000821692686935086,0.0419063270336894,0.000821692686935086,0.0419063270336894,0.32949876746097,0.452752670501233,0.000821692686935086,0.000821692686935086,0.124075595727198,0.000821692686935086,0.000821692686935086,0.000821692686935086
DCDL-0017525,0.000856898029134533,0.000856898029134533,0.000856898029134533,0.000856898029134533,0.000856898029134533,0.000856898029134533,0.000856898029134533,0.000856898029134533,0.000856898029134533,0.257926306769494,0.000856898029134533,0.0437017994858612,0.000856898029134533,0.000856898029134533,0.557840616966581,0.129391602399314,0.000856898029134533
DCDL-0019981,0.00149925037481259,0.00149925037481259,0.00149925037481259,0.00149925037481259,0.00149925037481259,0.00149925037481259,0.00149925037481259,0.00149925037481259,0.00149925037481259,0.52623688155922,0.00149925037481259,0.451274362818591,0.00149925037481259,0.00149925037481259,0.00149925037481259,0.00149925037481259,0.00149925037481259
DCDL-0019328,0.0017636684303351,0.0017636684303351,0.0017636684303351,0.0017636684303351,0.0017636684303351,0.0017636684303351,0.0017636684303351,0.0017636684303351,0.442680776014109,0.0017636684303351,0.0017636684303351,0.0017636684303351,0.0017636684303351,0.0017636684303351,0.0017636684303351,0.530864197530864,0.0017636684303351
DCDL-0017985,0.000789265982636148,0.000789265982636148,0.000789265982636148,0.000789265982636148,0.000789265982636148,0.000789265982636148,0.000789265982636148,0.000789265982636148,0.000789265982636148,0.55327545382794,0.316495659037095,0.000789265982636148,0.000789265982636148,0.119179163378058,0.000789265982636148,0.000789265982636148,0.000789265982636148
DCDL-0019967,0.00139470013947001,0.00139470013947001,0.00139470013947001,0.00139470013947001,0.140864714086471,0.00139470013947001,0.00139470013947001,0.00139470013947001,0.00139470013947001,0.00139470013947001,0.00139470013947001,0.00139470013947001,0.00139470013947001,0.00139470013947001,0.00139470013947001,0.838214783821478,0.00139470013947001
DCDL-0017437,0.000759301442672741,0.000759301442672741,0.000759301442672741,0.000759301442672741,0.000759301442672741,0.000759301442672741,0.000759301442672741,0.000759301442672741,0.000759301442672741,0.000759301442672741,0.000759301442672741,0.000759301442672741,0.266514806378132,0.000759301442672741,0.722095671981777,0.000759301442672741,0.000759301442672741
DCDL-0015558,0.00122399020807834,0.00122399020807834,0.00122399020807834,0.00122399020807834,0.00122399020807834,0.00122399020807834,0.00122399020807834,0.00122399020807834,0.00122399020807834,0.246022031823745,0.00122399020807834,0.00122399020807834,0.73561811505508,0.00122399020807834,0.00122399020807834,0.00122399020807834,0.00122399020807834
DCDL-0019399,0.00122399020807834,0.00122399020807834,0.246022031823745,0.0624235006119951,0.00122399020807834,0.00122399020807834,0.00122399020807834,0.00122399020807834,0.307221542227662,0.00122399020807834,0.00122399020807834,0.00122399020807834,0.00122399020807834,0.00122399020807834,0.368421052631579,0.00122399020807834,0.00122399020807834
DCDL-0020016,0.00374531835205993,0.00374531835205993,0.00374531835205993,0.00374531835205993,0.00374531835205993,0.565543071161049,0.00374531835205993,0.00374531835205993,0.00374531835205993,0.00374531835205993,0.00374531835205993,0.00374531835205993,0.00374531835205993,0.378277153558052,0.00374531835205993,0.00374531835205993,0.00374531835205993
DCDL-0015869,0.00162074554294976,0.244732576985413,0.00162074554294976,0.00162074554294976,0.00162074554294976,0.00162074554294976,0.00162074554294976,0.487844408427877,0.00162074554294976,0.00162074554294976,0.0826580226904376,0.0826580226904376,0.00162074554294976,0.0826580226904376,0.00162074554294976,0.00162074554294976,0.00162074554294976
DCDL-0017275,0.000983284169124877,0.0501474926253687,0.000983284169124877,0.000983284169124877,0.000983284169124877,0.000983284169124877,0.541789577187807,0.394296951819076,0.000983284169124877,0.000983284169124877,0.000983284169124877,0.000983284169124877,0.000983284169124877,0.000983284169124877,0.000983284169124877,0.000983284169124877,0.000983284169124877
