identifier,locum_pars_flumen_oppidum_omnis_collis_pedum,res_omnis_consilium_cognosco_neo_video_habeo,omnis_res_hostis_magnus_locum_tantus_noster,finis_omnis_magnus_ager_oppidum_transeo_frumentum,mille_passus_circiter_dies_omnis_numerus_ito,navis_magnus_utor_omnis_pars_reliquus_tempus,hostis_noster_legio_proelium_pars_locum_magnus,legio_pars_mitto_caesar_lego_omnis_duo,castra_hostis_locum_caesar_equito_castrum_copia,facio_mitto_lego_impero_civitas_caesarem_res,oppidum_magnus_pars_murus_omnis_noster_munitio,civitas_omnis_populus_habeo_magnus_res_romani
urn:cts:latinLit:phi0448.phi001.perseus-lat1:1.1.1,0.00140449438202247,0.00140449438202247,0.00140449438202247,0.00140449438202247,0.00140449438202247,0.563202247191011,0.00140449438202247,0.422752808988764,0.00140449438202247,0.00140449438202247,0.00140449438202247,0.00140449438202247
urn:cts:latinLit:phi0448.phi001.perseus-lat1:1.1.2,0.490234375,0.001953125,0.001953125,0.001953125,0.001953125,0.490234375,0.001953125,0.001953125,0.001953125,0.001953125,0.001953125,0.001953125
urn:cts:latinLit:phi0448.phi001.perseus-lat1:1.1.3,0.00131233595800525,0.00131233595800525,0.00131233595800525,0.723097112860892,0.00131233595800525,0.13254593175853,0.13254593175853,0.00131233595800525,0.00131233595800525,0.00131233595800525,0.00131233595800525,0.00131233595800525
urn:cts:latinLit:phi0448.phi001.perseus-lat1:1.1.4,0.000860585197934596,0.259036144578313,0.000860585197934596,0.474182444061962,0.000860585197934596,0.259036144578313,0.000860585197934596,0.000860585197934596,0.000860585197934596,0.000860585197934596,0.000860585197934596,0.000860585197934596
urn:cts:latinLit:phi0448.phi001.perseus-lat1:1.1.5,0.540467625899281,0.000899280575539568,0.000899280575539568,0.405575539568345,0.000899280575539568,0.000899280575539568,0.000899280575539568,0.000899280575539568,0.000899280575539568,0.000899280575539568,0.000899280575539568,0.045863309352518
urn:cts:latinLit:phi0448.phi001.perseus-lat1:1.1.6,0.35252808988764,0.00140449438202247,0.00140449438202247,0.633426966292135,0.00140449438202247,0.00140449438202247,0.00140449438202247,0.00140449438202247,0.00140449438202247,0.00140449438202247,0.00140449438202247,0.00140449438202247
urn:cts:latinLit:phi0448.phi001.perseus-lat1:1.1.7,0.880859375,0.001953125,0.001953125,0.001953125,0.099609375,0.001953125,0.001953125,0.001953125,0.001953125,0.001953125,0.001953125,0.001953125
urn:cts:latinLit:phi0448.phi001.perseus-lat1:1.2.1,0.000941619585687382,0.000941619585687382,0.000941619585687382,0.283427495291902,0.000941619585687382,0.000941619585687382,0.000941619585687382,0.000941619585687382,0.000941619585687382,0.000941619585687382,0.000941619585687382,0.707156308851224
urn:cts:latinLit:phi0448.phi001.perseus-lat1:1.2.2,0.00242718446601942,0.00242718446601942,0.00242718446601942,0.00242718446601942,0.00242718446601942,0.00242718446601942,0.00242718446601942,0.00242718446601942,0.00242718446601942,0.00242718446601942,0.00242718446601942,0.973300970873786
urn:cts:latinLit:phi0448.phi001.perseus-lat1:1.2.3,0.527915632754342,0.000620347394540943,0.000620347394540943,0.155707196029777,0.000620347394540943,0.0316377171215881,0.000620347394540943,0.000620347394540943,0.000620347394540943,0.000620347394540943,0.000620347394540943,0.279776674937965
urn:cts:latinLit:phi0448.phi001.perseus-lat1:1.2.4,0.00216450216450216,0.00216450216450216,0.00216450216450216,0.326839826839827,0.00216450216450216,0.00216450216450216,0.00216450216450216,0.00216450216450216,0.00216450216450216,0.00216450216450216,0.00216450216450216,0.651515151515151
urn:cts:latinLit:phi0448.phi001.perseus-lat1:1.2.5,0.00276243093922652,0.00276243093922652,0.00276243093922652,0.00276243093922652,0.00276243093922652,0.00276243093922652,0.140883977900553,0.00276243093922652,0.00276243093922652,0.00276243093922652,0.140883977900553,0.693370165745856
urn:cts:latinLit:phi0448.phi001.perseus-lat1:1.2.6,0.00151057401812689,0.379154078549849,0.00151057401812689,0.00151057401812689,0.454682779456193,0.00151057401812689,0.00151057401812689,0.00151057401812689,0.00151057401812689,0.152567975830816,0.00151057401812689,0.00151057401812689
urn:cts:latinLit:phi0448.phi001.perseus-lat1:1.3.1,0.000825082508250825,0.0420792079207921,0.000825082508250825,0.495874587458746,0.000825082508250825,0.000825082508250825,0.000825082508250825,0.124587458745875,0.000825082508250825,0.248349834983498,0.000825082508250825,0.0833333333333333
urn:cts:latinLit:phi0448.phi001.perseus-lat1:1.3.2,0.00216450216450216,0.00216450216450216,0.00216450216450216,0.00216450216450216,0.00216450216450216,0.00216450216450216,0.00216450216450216,0.867965367965368,0.00216450216450216,0.00216450216450216,0.11038961038961,0.00216450216450216
urn:cts:latinLit:phi0448.phi001.perseus-lat1:1.3.3,0.00076219512195122,0.00076219512195122,0.00076219512195122,0.00076219512195122,0.0388719512195122,0.00076219512195122,0.00076219512195122,0.00076219512195122,0.00076219512195122,0.00076219512195122,0.00076219512195122,0.953506097560976
urn:cts:latinLit:phi0448.phi001.perseus-lat1:1.3.4,0.00140449438202247,0.00140449438202247,0.00140449438202247,0.00140449438202247,0.00140449438202247,0.00140449438202247,0.00140449438202247,0.00140449438202247,0.00140449438202247,0.00140449438202247,0.00140449438202247,0.984550561797753
urn:cts:latinLit:phi0448.phi001.perseus-lat1:1.3.5,0.00216450216450216,0.00216450216450216,0.00216450216450216,0.00216450216450216,0.00216450216450216,0.00216450216450216,0.00216450216450216,0.00216450216450216,0.00216450216450216,0.218614718614719,0.00216450216450216,0.75974025974026
urn:cts:latinLit:phi0448.phi001.perseus-lat1:1.3.6,0.00177935943060498,0.00177935943060498,0.00177935943060498,0.00177935943060498,0.00177935943060498,0.00177935943060498,0.00177935943060498,0.268683274021352,0.00177935943060498,0.00177935943060498,0.00177935943060498,0.713523131672598
urn:cts:latinLit:phi0448.phi001.perseus-lat1:1.3.7,0.00123152709359606,0.00123152709359606,0.00123152709359606,0.00123152709359606,0.00123152709359606,0.00123152709359606,0.00123152709359606,0.00123152709359606,0.00123152709359606,0.247536945812808,0.00123152709359606,0.740147783251232
urn:cts:latinLit:phi0448.phi001.perseus-lat1:1.4.1,0.00140449438202247,0.00140449438202247,0.00140449438202247,0.00140449438202247,0.00140449438202247,0.35252808988764,0.00140449438202247,0.00140449438202247,0.00140449438202247,0.492977528089888,0.00140449438202247,0.14185393258427
urn:cts:latinLit:phi0448.phi001.perseus-lat1:1.4.2,0.000899280575539568,0.000899280575539568,0.000899280575539568,0.000899280575539568,0.315647482014388,0.000899280575539568,0.000899280575539568,0.000899280575539568,0.000899280575539568,0.000899280575539568,0.000899280575539568,0.675359712230216
urn:cts:latinLit:phi0448.phi001.perseus-lat1:1.4.3,0.00151057401812689,0.00151057401812689,0.00151057401812689,0.00151057401812689,0.00151057401812689,0.00151057401812689,0.0770392749244713,0.00151057401812689,0.00151057401812689,0.00151057401812689,0.00151057401812689,0.90785498489426
urn:cts:latinLit:phi0448.phi001.perseus-lat1:1.4.4,0.00320512820512821,0.00320512820512821,0.00320512820512821,0.323717948717949,0.00320512820512821,0.00320512820512821,0.00320512820512821,0.00320512820512821,0.00320512820512821,0.163461538461538,0.00320512820512821,0.483974358974359
urn:cts:latinLit:phi0448.phi001.perseus-lat1:1.5.1,0.00216450216450216,0.00216450216450216,0.00216450216450216,0.00216450216450216,0.00216450216450216,0.00216450216450216,0.00216450216450216,0.00216450216450216,0.00216450216450216,0.00216450216450216,0.00216450216450216,0.976190476190476
urn:cts:latinLit:phi0448.phi001.perseus-lat1:1.5.2,0.00140449438202247,0.00140449438202247,0.00140449438202247,0.984550561797753,0.00140449438202247,0.00140449438202247,0.00140449438202247,0.00140449438202247,0.00140449438202247,0.00140449438202247,0.00140449438202247,0.00140449438202247
urn:cts:latinLit:phi0448.phi001.perseus-lat1:1.5.3,0.000620347394540943,0.000620347394540943,0.155707196029777,0.838089330024814,0.000620347394540943,0.000620347394540943,0.000620347394540943,0.000620347394540943,0.000620347394540943,0.000620347394540943,0.000620347394540943,0.000620347394540943
urn:cts:latinLit:phi0448.phi001.perseus-lat1:1.6.1,0.560240963855422,0.000860585197934596,0.000860585197934596,0.431153184165232,0.000860585197934596,0.000860585197934596,0.000860585197934596,0.000860585197934596,0.000860585197934596,0.000860585197934596,0.000860585197934596,0.000860585197934596
urn:cts:latinLit:phi0448.phi001.perseus-lat1:1.6.2,0.00123152709359606,0.00123152709359606,0.00123152709359606,0.616995073891626,0.00123152709359606,0.00123152709359606,0.309113300492611,0.00123152709359606,0.062807881773399,0.00123152709359606,0.00123152709359606,0.00123152709359606
urn:cts:latinLit:phi0448.phi001.perseus-lat1:1.6.3,0.000473484848484848,0.000473484848484848,0.000473484848484848,0.521306818181818,0.000473484848484848,0.000473484848484848,0.000473484848484848,0.000473484848484848,0.000473484848484848,0.000473484848484848,0.000473484848484848,0.473958333333333
urn:cts:latinLit:phi0448.phi001.perseus-lat1:1.7.1,0.00123152709359606,0.00123152709359606,0.00123152709359606,0.92487684729064,0.00123152709359606,0.00123152709359606,0.00123152709359606,0.00123152709359606,0.00123152709359606,0.062807881773399,0.00123152709359606,0.00123152709359606
urn:cts:latinLit:phi0448.phi001.perseus-lat1:1.7.2,0.00140449438202247,0.00140449438202247,0.00140449438202247,0.492977528089888,0.00140449438202247,0.00140449438202247,0.00140449438202247,0.35252808988764,0.00140449438202247,0.14185393258427,0.00140449438202247,0.00140449438202247
urn:cts:latinLit:phi0448.phi001.perseus-lat1:1.7.3,0.0478219696969697,0.000473484848484848,0.000473484848484848,0.0241477272727273,0.000473484848484848,0.000473484848484848,0.000473484848484848,0.000473484848484848,0.000473484848484848,0.260890151515151,0.000473484848484848,0.663352272727273
urn:cts:latinLit:phi0448.phi001.perseus-lat1:1.7.4,0.00163398692810458,0.00163398692810458,0.00163398692810458,0.165032679738562,0.00163398692810458,0.00163398692810458,0.00163398692810458,0.00163398692810458,0.00163398692810458,0.0833333333333333,0.00163398692810458,0.736928104575163
urn:cts:latinLit:phi0448.phi001.perseus-lat1:1.7.5,0.00163398692810458,0.00163398692810458,0.165032679738562,0.00163398692810458,0.00163398692810458,0.00163398692810458,0.00163398692810458,0.00163398692810458,0.00163398692810458,0.818627450980392,0.00163398692810458,0.00163398692810458
urn:cts:latinLit:phi0448.phi001.perseus-lat1:1.8.1,0.560240963855422,0.000860585197934596,0.000860585197934596,0.259036144578313,0.172977624784854,0.000860585197934596,0.000860585197934596,0.000860585197934596,0.000860585197934596,0.000860585197934596,0.000860585197934596,0.000860585197934596
urn:cts:latinLit:phi0448.phi001.perseus-lat1:1.8.2,0.5355871886121,0.00177935943060498,0.00177935943060498,0.357651245551601,0.00177935943060498,0.00177935943060498,0.00177935943060498,0.00177935943060498,0.0907473309608541,0.00177935943060498,0.00177935943060498,0.00177935943060498
urn:cts:latinLit:phi0448.phi001.perseus-lat1:1.8.3,0.00103950103950104,0.00103950103950104,0.00103950103950104,0.00103950103950104,0.00103950103950104,0.00103950103950104,0.00103950103950104,0.00103950103950104,0.00103950103950104,0.624740124740125,0.00103950103950104,0.364864864864865
urn:cts:latinLit:phi0448.phi001.perseus-lat1:1.8.4,0.36784140969163,0.000734214390602056,0.000734214390602056,0.220998531571219,0.0374449339207048,0.000734214390602056,0.000734214390602056,0.000734214390602056,0.000734214390602056,0.000734214390602056,0.36784140969163,0.000734214390602056
urn:cts:latinLit:phi0448.phi001.perseus-lat1:1.9.1,0.00216450216450216,0.00216450216450216,0.00216450216450216,0.867965367965368,0.00216450216450216,0.00216450216450216,0.00216450216450216,0.11038961038961,0.00216450216450216,0.00216450216450216,0.00216450216450216,0.00216450216450216
urn:cts:latinLit:phi0448.phi001.perseus-lat1:1.9.2,0.00276243093922652,0.00276243093922652,0.00276243093922652,0.00276243093922652,0.00276243093922652,0.00276243093922652,0.00276243093922652,0.00276243093922652,0.00276243093922652,0.00276243093922652,0.00276243093922652,0.969613259668508
urn:cts:latinLit:phi0448.phi001.perseus-lat1:1.9.3,0.000941619585687382,0.000941619585687382,0.000941619585687382,0.000941619585687382,0.000941619585687382,0.000941619585687382,0.000941619585687382,0.000941619585687382,0.000941619585687382,0.000941619585687382,0.000941619585687382,0.989642184557439
urn:cts:latinLit:phi0448.phi001.perseus-lat1:1.9.4,0.000860585197934596,0.000860585197934596,0.000860585197934596,0.345094664371773,0.000860585197934596,0.000860585197934596,0.000860585197934596,0.000860585197934596,0.000860585197934596,0.474182444061962,0.000860585197934596,0.172977624784854
urn:cts:latinLit:phi0448.phi001.perseus-lat1:1.10.1,0.00131233595800525,0.13254593175853,0.00131233595800525,0.854330708661417,0.00131233595800525,0.00131233595800525,0.00131233595800525,0.00131233595800525,0.00131233595800525,0.00131233595800525,0.00131233595800525,0.00131233595800525
urn:cts:latinLit:phi0448.phi001.perseus-lat1:1.10.2,0.00131233595800525,0.00131233595800525,0.263779527559055,0.263779527559055,0.0669291338582677,0.00131233595800525,0.00131233595800525,0.00131233595800525,0.00131233595800525,0.00131233595800525,0.00131233595800525,0.39501312335958
urn:cts:latinLit:phi0448.phi001.perseus-lat1:1.10.3,0.142351274787535,0.000708215297450425,0.000708215297450425,0.000708215297450425,0.000708215297450425,0.000708215297450425,0.000708215297450425,0.85056657223796,0.000708215297450425,0.000708215297450425,0.000708215297450425,0.000708215297450425
urn:cts:latinLit:phi0448.phi001.perseus-lat1:1.10.4,0.000640204865556978,0.000640204865556978,0.000640204865556978,0.544814340588988,0.000640204865556978,0.000640204865556978,0.0966709346991037,0.352752880921895,0.000640204865556978,0.000640204865556978,0.000640204865556978,0.000640204865556978
urn:cts:latinLit:phi0448.phi001.perseus-lat1:1.11.1,0.00163398692810458,0.00163398692810458,0.00163398692810458,0.98202614379085,0.00163398692810458,0.00163398692810458,0.00163398692810458,0.00163398692810458,0.00163398692810458,0.00163398692810458,0.00163398692810458,0.00163398692810458
urn:cts:latinLit:phi0448.phi001.perseus-lat1:1.11.2,0.00276243093922652,0.00276243093922652,0.00276243093922652,0.00276243093922652,0.00276243093922652,0.00276243093922652,0.00276243093922652,0.00276243093922652,0.00276243093922652,0.969613259668508,0.00276243093922652,0.00276243093922652
urn:cts:latinLit:phi0448.phi001.perseus-lat1:1.11.3,0.000620347394540943,0.000620347394540943,0.186724565756824,0.372828784119107,0.000620347394540943,0.000620347394540943,0.000620347394540943,0.000620347394540943,0.000620347394540943,0.000620347394540943,0.000620347394540943,0.434863523573201
urn:cts:latinLit:phi0448.phi001.perseus-lat1:1.11.4,0.00131233595800525,0.198162729658793,0.00131233595800525,0.39501312335958,0.0669291338582677,0.00131233595800525,0.00131233595800525,0.00131233595800525,0.00131233595800525,0.00131233595800525,0.00131233595800525,0.329396325459318
urn:cts:latinLit:phi0448.phi001.perseus-lat1:1.11.5,0.00177935943060498,0.00177935943060498,0.268683274021352,0.268683274021352,0.00177935943060498,0.00177935943060498,0.00177935943060498,0.268683274021352,0.00177935943060498,0.179715302491103,0.00177935943060498,0.00177935943060498
urn:cts:latinLit:phi0448.phi001.perseus-lat1:1.12.1,0.233178654292343,0.00116009280742459,0.00116009280742459,0.755220417633411,0.00116009280742459,0.00116009280742459,0.00116009280742459,0.00116009280742459,0.00116009280742459,0.00116009280742459,0.00116009280742459,0.00116009280742459
urn:cts:latinLit:phi0448.phi001.perseus-lat1:1.12.2,0.000683994528043776,0.000683994528043776,0.000683994528043776,0.445280437756498,0.000683994528043776,0.000683994528043776,0.000683994528043776,0.37688098495212,0.171682626538988,0.000683994528043776,0.000683994528043776,0.000683994528043776
urn:cts:latinLit:phi0448.phi001.perseus-lat1:1.12.3,0.00163398692810458,0.00163398692810458,0.00163398692810458,0.00163398692810458,0.00163398692810458,0.00163398692810458,0.98202614379085,0.00163398692810458,0.00163398692810458,0.00163398692810458,0.00163398692810458,0.00163398692810458
urn:cts:latinLit:phi0448.phi001.perseus-lat1:1.12.4,0.00276243093922652,0.00276243093922652,0.00276243093922652,0.00276243093922652,0.00276243093922652,0.00276243093922652,0.00276243093922652,0.969613259668508,0.00276243093922652,0.00276243093922652,0.00276243093922652,0.00276243093922652
urn:cts:latinLit:phi0448.phi001.perseus-lat1:1.12.5,0.00140449438202247,0.00140449438202247,0.00140449438202247,0.00140449438202247,0.00140449438202247,0.00140449438202247,0.00140449438202247,0.00140449438202247,0.00140449438202247,0.00140449438202247,0.00140449438202247,0.984550561797753
urn:cts:latinLit:phi0448.phi001.perseus-lat1:1.12.6,0.00140449438202247,0.00140449438202247,0.00140449438202247,0.00140449438202247,0.00140449438202247,0.14185393258427,0.00140449438202247,0.00140449438202247,0.00140449438202247,0.00140449438202247,0.00140449438202247,0.844101123595506
urn:cts:latinLit:phi0448.phi001.perseus-lat1:1.12.7,0.00131233595800525,0.198162729658793,0.00131233595800525,0.00131233595800525,0.00131233595800525,0.00131233595800525,0.00131233595800525,0.00131233595800525,0.00131233595800525,0.00131233595800525,0.00131233595800525,0.788713910761155
urn:cts:latinLit:phi0448.phi001.perseus-lat1:1.13.1,0.00151057401812689,0.00151057401812689,0.00151057401812689,0.983383685800604,0.00151057401812689,0.00151057401812689,0.00151057401812689,0.00151057401812689,0.00151057401812689,0.00151057401812689,0.00151057401812689,0.00151057401812689
urn:cts:latinLit:phi0448.phi001.perseus-lat1:1.13.2,0.000941619585687382,0.424670433145009,0.000941619585687382,0.283427495291902,0.000941619585687382,0.000941619585687382,0.000941619585687382,0.000941619585687382,0.000941619585687382,0.283427495291902,0.000941619585687382,0.000941619585687382
urn:cts:latinLit:phi0448.phi001.perseus-lat1:1.13.3,0.00131233595800525,0.00131233595800525,0.00131233595800525,0.00131233595800525,0.00131233595800525,0.00131233595800525,0.00131233595800525,0.00131233595800525,0.00131233595800525,0.591863517060367,0.00131233595800525,0.39501312335958
urn:cts:latinLit:phi0448.phi001.perseus-lat1:1.13.4,0.0626550868486352,0.155707196029777,0.000620347394540943,0.186724565756824,0.000620347394540943,0.000620347394540943,0.000620347394540943,0.12468982630273,0.0936724565756824,0.000620347394540943,0.000620347394540943,0.372828784119107
urn:cts:latinLit:phi0448.phi001.perseus-lat1:1.13.5,0.00163398692810458,0.491830065359477,0.491830065359477,0.00163398692810458,0.00163398692810458,0.00163398692810458,0.00163398692810458,0.00163398692810458,0.00163398692810458,0.00163398692810458,0.00163398692810458,0.00163398692810458
urn:cts:latinLit:phi0448.phi001.perseus-lat1:1.14.1,0.00103950103950104,0.00103950103950104,0.00103950103950104,0.00103950103950104,0.00103950103950104,0.00103950103950104,0.00103950103950104,0.00103950103950104,0.00103950103950104,0.468814968814969,0.00103950103950104,0.520790020790021
urn:cts:latinLit:phi0448.phi001.perseus-lat1:1.14.2,0.001953125,0.001953125,0.783203125,0.001953125,0.001953125,0.001953125,0.001953125,0.001953125,0.001953125,0.197265625,0.001953125,0.001953125
urn:cts:latinLit:phi0448.phi001.perseus-lat1:1.14.3,0.00140449438202247,0.00140449438202247,0.00140449438202247,0.00140449438202247,0.00140449438202247,0.00140449438202247,0.00140449438202247,0.00140449438202247,0.0716292134831461,0.00140449438202247,0.00140449438202247,0.914325842696629
urn:cts:latinLit:phi0448.phi001.perseus-lat1:1.14.4,0.00276243093922652,0.00276243093922652,0.693370165745856,0.140883977900553,0.00276243093922652,0.00276243093922652,0.00276243093922652,0.00276243093922652,0.00276243093922652,0.00276243093922652,0.140883977900553,0.00276243093922652
urn:cts:latinLit:phi0448.phi001.perseus-lat1:1.14.5,0.00151057401812689,0.0770392749244713,0.00151057401812689,0.00151057401812689,0.00151057401812689,0.00151057401812689,0.00151057401812689,0.00151057401812689,0.0770392749244713,0.00151057401812689,0.00151057401812689,0.832326283987915
urn:cts:latinLit:phi0448.phi001.perseus-lat1:1.14.6,0.00116009280742459,0.00116009280742459,0.00116009280742459,0.00116009280742459,0.00116009280742459,0.00116009280742459,0.00116009280742459,0.00116009280742459,0.00116009280742459,0.697215777262181,0.00116009280742459,0.291183294663573
urn:cts:latinLit:phi0448.phi001.perseus-lat1:1.14.7,0.00116009280742459,0.00116009280742459,0.00116009280742459,0.00116009280742459,0.00116009280742459,0.00116009280742459,0.00116009280742459,0.00116009280742459,0.00116009280742459,0.523201856148492,0.00116009280742459,0.465197215777262
urn:cts:latinLit:phi0448.phi001.perseus-lat1:1.15.1,0.0810955961331901,0.000537056928034372,0.000537056928034372,0.26906552094522,0.188506981740064,0.000537056928034372,0.45703544575725,0.000537056928034372,0.000537056928034372,0.000537056928034372,0.000537056928034372,0.000537056928034372
urn:cts:latinLit:phi0448.phi001.perseus-lat1:1.15.2,0.00076219512195122,0.00076219512195122,0.229420731707317,0.00076219512195122,0.0388719512195122,0.00076219512195122,0.419969512195122,0.00076219512195122,0.229420731707317,0.00076219512195122,0.0769817073170732,0.00076219512195122
urn:cts:latinLit:phi0448.phi001.perseus-lat1:1.15.3,0.00116009280742459,0.00116009280742459,0.00116009280742459,0.00116009280742459,0.523201856148492,0.00116009280742459,0.291183294663573,0.00116009280742459,0.175174013921114,0.00116009280742459,0.00116009280742459,0.00116009280742459
urn:cts:latinLit:phi0448.phi001.perseus-lat1:1.16.1,0.00320512820512821,0.00320512820512821,0.00320512820512821,0.00320512820512821,0.00320512820512821,0.00320512820512821,0.00320512820512821,0.00320512820512821,0.483974358974359,0.00320512820512821,0.00320512820512821,0.483974358974359
urn:cts:latinLit:phi0448.phi001.perseus-lat1:1.16.2,0.00123152709359606,0.00123152709359606,0.432266009852217,0.00123152709359606,0.00123152709359606,0.432266009852217,0.00123152709359606,0.124384236453202,0.00123152709359606,0.00123152709359606,0.00123152709359606,0.00123152709359606
urn:cts:latinLit:phi0448.phi001.perseus-lat1:1.16.3,0.00151057401812689,0.00151057401812689,0.00151057401812689,0.983383685800604,0.00151057401812689,0.00151057401812689,0.00151057401812689,0.00151057401812689,0.00151057401812689,0.00151057401812689,0.00151057401812689,0.00151057401812689
urn:cts:latinLit:phi0448.phi001.perseus-lat1:1.16.4,0.00242718446601942,0.00242718446601942,0.00242718446601942,0.851941747572815,0.00242718446601942,0.00242718446601942,0.00242718446601942,0.00242718446601942,0.00242718446601942,0.00242718446601942,0.12378640776699,0.00242718446601942
urn:cts:latinLit:phi0448.phi001.perseus-lat1:1.16.5,0.000683994528043776,0.000683994528043776,0.000683994528043776,0.342681258549932,0.000683994528043776,0.000683994528043776,0.0348837209302326,0.000683994528043776,0.000683994528043776,0.000683994528043776,0.000683994528043776,0.616279069767442
urn:cts:latinLit:phi0448.phi001.perseus-lat1:1.16.6,0.00116009280742459,0.523201856148492,0.00116009280742459,0.175174013921114,0.00116009280742459,0.00116009280742459,0.00116009280742459,0.00116009280742459,0.0591647331786543,0.233178654292343,0.00116009280742459,0.00116009280742459
urn:cts:latinLit:phi0448.phi001.perseus-lat1:1.17.1,0.00131233595800525,0.0669291338582677,0.263779527559055,0.00131233595800525,0.00131233595800525,0.00131233595800525,0.00131233595800525,0.00131233595800525,0.00131233595800525,0.00131233595800525,0.00131233595800525,0.65748031496063
urn:cts:latinLit:phi0448.phi001.perseus-lat1:1.17.2,0.00276243093922652,0.55524861878453,0.279005524861878,0.00276243093922652,0.00276243093922652,0.00276243093922652,0.00276243093922652,0.140883977900553,0.00276243093922652,0.00276243093922652,0.00276243093922652,0.00276243093922652
urn:cts:latinLit:phi0448.phi001.perseus-lat1:1.17.3,0.00216450216450216,0.00216450216450216,0.00216450216450216,0.00216450216450216,0.00216450216450216,0.00216450216450216,0.00216450216450216,0.00216450216450216,0.00216450216450216,0.00216450216450216,0.00216450216450216,0.976190476190476
urn:cts:latinLit:phi0448.phi001.perseus-lat1:1.17.4,0.00163398692810458,0.00163398692810458,0.00163398692810458,0.00163398692810458,0.00163398692810458,0.00163398692810458,0.00163398692810458,0.00163398692810458,0.00163398692810458,0.00163398692810458,0.00163398692810458,0.98202614379085
urn:cts:latinLit:phi0448.phi001.perseus-lat1:1.17.5,0.00320512820512821,0.00320512820512821,0.163461538461538,0.00320512820512821,0.00320512820512821,0.00320512820512821,0.00320512820512821,0.00320512820512821,0.80448717948718,0.00320512820512821,0.00320512820512821,0.00320512820512821
urn:cts:latinLit:phi0448.phi001.perseus-lat1:1.17.6,0.00151057401812689,0.00151057401812689,0.832326283987915,0.00151057401812689,0.00151057401812689,0.00151057401812689,0.00151057401812689,0.00151057401812689,0.00151057401812689,0.152567975830816,0.00151057401812689,0.00151057401812689
urn:cts:latinLit:phi0448.phi001.perseus-lat1:1.18.1,0.00131233595800525,0.65748031496063,0.00131233595800525,0.00131233595800525,0.00131233595800525,0.00131233595800525,0.00131233595800525,0.00131233595800525,0.00131233595800525,0.00131233595800525,0.00131233595800525,0.329396325459318
urn:cts:latinLit:phi0448.phi001.perseus-lat1:1.18.2,0.00177935943060498,0.00177935943060498,0.00177935943060498,0.00177935943060498,0.00177935943060498,0.00177935943060498,0.00177935943060498,0.00177935943060498,0.00177935943060498,0.00177935943060498,0.00177935943060498,0.980427046263345
urn:cts:latinLit:phi0448.phi001.perseus-lat1:1.18.3,0.000825082508250825,0.000825082508250825,0.000825082508250825,0.000825082508250825,0.000825082508250825,0.000825082508250825,0.000825082508250825,0.000825082508250825,0.000825082508250825,0.207095709570957,0.000825082508250825,0.784653465346535
urn:cts:latinLit:phi0448.phi001.perseus-lat1:1.18.4,0.00276243093922652,0.969613259668508,0.00276243093922652,0.00276243093922652,0.00276243093922652,0.00276243093922652,0.00276243093922652,0.00276243093922652,0.00276243093922652,0.00276243093922652,0.00276243093922652,0.00276243093922652
urn:cts:latinLit:phi0448.phi001.perseus-lat1:1.18.5,0.487864077669903,0.366504854368932,0.00242718446601942,0.00242718446601942,0.00242718446601942,0.00242718446601942,0.00242718446601942,0.00242718446601942,0.12378640776699,0.00242718446601942,0.00242718446601942,0.00242718446601942
urn:cts:latinLit:phi0448.phi001.perseus-lat1:1.18.6,0.165032679738562,0.00163398692810458,0.00163398692810458,0.00163398692810458,0.00163398692810458,0.00163398692810458,0.00163398692810458,0.00163398692810458,0.00163398692810458,0.00163398692810458,0.00163398692810458,0.818627450980392
urn:cts:latinLit:phi0448.phi001.perseus-lat1:1.18.7,0.00276243093922652,0.00276243093922652,0.00276243093922652,0.00276243093922652,0.00276243093922652,0.00276243093922652,0.00276243093922652,0.00276243093922652,0.00276243093922652,0.00276243093922652,0.00276243093922652,0.969613259668508
urn:cts:latinLit:phi0448.phi001.perseus-lat1:1.18.8,0.00131233595800525,0.00131233595800525,0.198162729658793,0.00131233595800525,0.00131233595800525,0.0669291338582677,0.00131233595800525,0.00131233595800525,0.00131233595800525,0.00131233595800525,0.00131233595800525,0.723097112860892
urn:cts:latinLit:phi0448.phi001.perseus-lat1:1.18.9,0.00123152709359606,0.00123152709359606,0.247536945812808,0.00123152709359606,0.00123152709359606,0.00123152709359606,0.00123152709359606,0.00123152709359606,0.00123152709359606,0.00123152709359606,0.00123152709359606,0.740147783251232
urn:cts:latinLit:phi0448.phi001.perseus-lat1:1.18.10,0.000825082508250825,0.000825082508250825,0.000825082508250825,0.000825082508250825,0.000825082508250825,0.000825082508250825,0.413366336633663,0.000825082508250825,0.248349834983498,0.330858085808581,0.000825082508250825,0.000825082508250825
urn:cts:latinLit:phi0448.phi001.perseus-lat1:1.19.1,0.000734214390602056,0.000734214390602056,0.000734214390602056,0.36784140969163,0.000734214390602056,0.000734214390602056,0.000734214390602056,0.000734214390602056,0.11086637298091,0.36784140969163,0.000734214390602056,0.147577092511013
urn:cts:latinLit:phi0448.phi001.perseus-lat1:1.19.2,0.000941619585687382,0.0951035781544256,0.000941619585687382,0.000941619585687382,0.000941619585687382,0.000941619585687382,0.000941619585687382,0.000941619585687382,0.000941619585687382,0.000941619585687382,0.000941619585687382,0.895480225988701
urn:cts:latinLit:phi0448.phi001.perseus-lat1:1.19.3,0.00103950103950104,0.00103950103950104,0.00103950103950104,0.00103950103950104,0.00103950103950104,0.053014553014553,0.00103950103950104,0.00103950103950104,0.416839916839917,0.00103950103950104,0.00103950103950104,0.520790020790021
urn:cts:latinLit:phi0448.phi001.perseus-lat1:1.19.4,0.00242718446601942,0.973300970873786,0.00242718446601942,0.00242718446601942,0.00242718446601942,0.00242718446601942,0.00242718446601942,0.00242718446601942,0.00242718446601942,0.00242718446601942,0.00242718446601942,0.00242718446601942
urn:cts:latinLit:phi0448.phi001.perseus-lat1:1.19.5,0.00163398692810458,0.00163398692810458,0.00163398692810458,0.00163398692810458,0.00163398692810458,0.00163398692810458,0.00163398692810458,0.00163398692810458,0.165032679738562,0.818627450980392,0.00163398692810458,0.00163398692810458
urn:cts:latinLit:phi0448.phi001.perseus-lat1:1.20.1,0.00216450216450216,0.11038961038961,0.00216450216450216,0.00216450216450216,0.00216450216450216,0.00216450216450216,0.00216450216450216,0.00216450216450216,0.00216450216450216,0.543290043290043,0.00216450216450216,0.326839826839827
urn:cts:latinLit:phi0448.phi001.perseus-lat1:1.20.2,0.00140449438202247,0.00140449438202247,0.00140449438202247,0.00140449438202247,0.00140449438202247,0.282303370786517,0.00140449438202247,0.00140449438202247,0.00140449438202247,0.00140449438202247,0.00140449438202247,0.703651685393259
urn:cts:latinLit:phi0448.phi001.perseus-lat1:1.20.3,0.00216450216450216,0.00216450216450216,0.00216450216450216,0.00216450216450216,0.00216450216450216,0.00216450216450216,0.00216450216450216,0.00216450216450216,0.00216450216450216,0.00216450216450216,0.00216450216450216,0.976190476190476
urn:cts:latinLit:phi0448.phi001.perseus-lat1:1.20.4,0.00123152709359606,0.00123152709359606,0.00123152709359606,0.00123152709359606,0.00123152709359606,0.00123152709359606,0.00123152709359606,0.00123152709359606,0.00123152709359606,0.00123152709359606,0.00123152709359606,0.986453201970443
urn:cts:latinLit:phi0448.phi001.perseus-lat1:1.20.5,0.000406173842404549,0.426888708367181,0.000406173842404549,0.000406173842404549,0.000406173842404549,0.000406173842404549,0.000406173842404549,0.000406173842404549,0.0613322502030869,0.284727863525589,0.000406173842404549,0.223801787164907
urn:cts:latinLit:phi0448.phi001.perseus-lat1:1.21.1,0.291183294663573,0.00116009280742459,0.00116009280742459,0.00116009280742459,0.233178654292343,0.00116009280742459,0.00116009280742459,0.00116009280742459,0.465197215777262,0.00116009280742459,0.00116009280742459,0.00116009280742459
urn:cts:latinLit:phi0448.phi001.perseus-lat1:1.21.2,0.00109649122807018,0.00109649122807018,0.00109649122807018,0.00109649122807018,0.00109649122807018,0.00109649122807018,0.00109649122807018,0.165570175438597,0.713815789473684,0.00109649122807018,0.110745614035088,0.00109649122807018
urn:cts:latinLit:phi0448.phi001.perseus-lat1:1.21.3,0.00216450216450216,0.00216450216450216,0.00216450216450216,0.00216450216450216,0.867965367965368,0.00216450216450216,0.00216450216450216,0.00216450216450216,0.00216450216450216,0.00216450216450216,0.00216450216450216,0.11038961038961
urn:cts:latinLit:phi0448.phi001.perseus-lat1:1.21.4,0.00163398692810458,0.246732026143791,0.00163398692810458,0.00163398692810458,0.410130718954248,0.00163398692810458,0.00163398692810458,0.32843137254902,0.00163398692810458,0.00163398692810458,0.00163398692810458,0.00163398692810458
urn:cts:latinLit:phi0448.phi001.perseus-lat1:1.22.1,0.000988142292490119,0.000988142292490119,0.000988142292490119,0.000988142292490119,0.791501976284585,0.000988142292490119,0.0503952569169961,0.149209486166008,0.000988142292490119,0.000988142292490119,0.000988142292490119,0.000988142292490119
urn:cts:latinLit:phi0448.phi001.perseus-lat1:1.22.2,0.00151057401812689,0.00151057401812689,0.00151057401812689,0.303625377643505,0.00151057401812689,0.605740181268882,0.00151057401812689,0.00151057401812689,0.00151057401812689,0.00151057401812689,0.0770392749244713,0.00151057401812689
urn:cts:latinLit:phi0448.phi001.perseus-lat1:1.22.3,0.166005291005291,0.000661375661375661,0.26521164021164,0.000661375661375661,0.000661375661375661,0.000661375661375661,0.000661375661375661,0.000661375661375661,0.562830687830688,0.000661375661375661,0.000661375661375661,0.000661375661375661
urn:cts:latinLit:phi0448.phi001.perseus-lat1:1.22.4,0.0741556534508076,0.000734214390602056,0.000734214390602056,0.000734214390602056,0.257709251101322,0.000734214390602056,0.220998531571219,0.000734214390602056,0.441262848751836,0.000734214390602056,0.000734214390602056,0.000734214390602056
urn:cts:latinLit:phi0448.phi001.perseus-lat1:1.23.1,0.000661375661375661,0.000661375661375661,0.132936507936508,0.298280423280423,0.562830687830688,0.000661375661375661,0.000661375661375661,0.000661375661375661,0.000661375661375661,0.000661375661375661,0.000661375661375661,0.000661375661375661
urn:cts:latinLit:phi0448.phi001.perseus-lat1:1.23.2,0.00320512820512821,0.00320512820512821,0.00320512820512821,0.00320512820512821,0.644230769230769,0.00320512820512821,0.00320512820512821,0.00320512820512821,0.323717948717949,0.00320512820512821,0.00320512820512821,0.00320512820512821
urn:cts:latinLit:phi0448.phi001.perseus-lat1:1.23.3,0.00076219512195122,0.00076219512195122,0.72484756097561,0.115091463414634,0.00076219512195122,0.00076219512195122,0.153201219512195,0.00076219512195122,0.00076219512195122,0.00076219512195122,0.00076219512195122,0.00076219512195122
urn:cts:latinLit:phi0448.phi001.perseus-lat1:1.24.1,0.165032679738562,0.00163398692810458,0.00163398692810458,0.00163398692810458,0.00163398692810458,0.00163398692810458,0.00163398692810458,0.00163398692810458,0.818627450980392,0.00163398692810458,0.00163398692810458,0.00163398692810458
urn:cts:latinLit:phi0448.phi001.perseus-lat1:1.24.2,0.00109649122807018,0.00109649122807018,0.00109649122807018,0.00109649122807018,0.00109649122807018,0.00109649122807018,0.00109649122807018,0.658991228070176,0.330043859649123,0.00109649122807018,0.00109649122807018,0.00109649122807018
urn:cts:latinLit:phi0448.phi001.perseus-lat1:1.24.3,0.432266009852217,0.00123152709359606,0.00123152709359606,0.00123152709359606,0.062807881773399,0.00123152709359606,0.00123152709359606,0.062807881773399,0.432266009852217,0.00123152709359606,0.00123152709359606,0.00123152709359606
urn:cts:latinLit:phi0448.phi001.perseus-lat1:1.24.4,0.00109649122807018,0.00109649122807018,0.00109649122807018,0.00109649122807018,0.00109649122807018,0.00109649122807018,0.987938596491228,0.00109649122807018,0.00109649122807018,0.00109649122807018,0.00109649122807018,0.00109649122807018
urn:cts:latinLit:phi0448.phi001.perseus-lat1:1.25.1,0.00131233595800525,0.00131233595800525,0.65748031496063,0.00131233595800525,0.00131233595800525,0.00131233595800525,0.329396325459318,0.00131233595800525,0.00131233595800525,0.00131233595800525,0.00131233595800525,0.00131233595800525
urn:cts:latinLit:phi0448.phi001.perseus-lat1:1.25.2,0.00151057401812689,0.00151057401812689,0.00151057401812689,0.00151057401812689,0.00151057401812689,0.00151057401812689,0.90785498489426,0.00151057401812689,0.0770392749244713,0.00151057401812689,0.00151057401812689,0.00151057401812689
urn:cts:latinLit:phi0448.phi001.perseus-lat1:1.25.3,0.00116009280742459,0.00116009280742459,0.00116009280742459,0.0591647331786543,0.00116009280742459,0.00116009280742459,0.9292343387471,0.00116009280742459,0.00116009280742459,0.00116009280742459,0.00116009280742459,0.00116009280742459
urn:cts:latinLit:phi0448.phi001.perseus-lat1:1.25.4,0.00216450216450216,0.00216450216450216,0.00216450216450216,0.00216450216450216,0.00216450216450216,0.00216450216450216,0.976190476190476,0.00216450216450216,0.00216450216450216,0.00216450216450216,0.00216450216450216,0.00216450216450216
urn:cts:latinLit:phi0448.phi001.perseus-lat1:1.25.5,0.00163398692810458,0.00163398692810458,0.00163398692810458,0.00163398692810458,0.736928104575163,0.00163398692810458,0.246732026143791,0.00163398692810458,0.00163398692810458,0.00163398692810458,0.00163398692810458,0.00163398692810458
urn:cts:latinLit:phi0448.phi001.perseus-lat1:1.25.6,0.000734214390602056,0.000734214390602056,0.000734214390602056,0.000734214390602056,0.294419970631424,0.000734214390602056,0.698237885462555,0.000734214390602056,0.000734214390602056,0.000734214390602056,0.000734214390602056,0.000734214390602056
urn:cts:latinLit:phi0448.phi001.perseus-lat1:1.25.7,0.00163398692810458,0.00163398692810458,0.00163398692810458,0.00163398692810458,0.00163398692810458,0.00163398692810458,0.818627450980392,0.00163398692810458,0.00163398692810458,0.00163398692810458,0.00163398692810458,0.165032679738562
urn:cts:latinLit:phi0448.phi001.perseus-lat1:1.26.1,0.062807881773399,0.00123152709359606,0.00123152709359606,0.00123152709359606,0.00123152709359606,0.00123152709359606,0.92487684729064,0.00123152709359606,0.00123152709359606,0.00123152709359606,0.00123152709359606,0.00123152709359606
urn:cts:latinLit:phi0448.phi001.perseus-lat1:1.26.2,0.001953125,0.001953125,0.001953125,0.001953125,0.001953125,0.001953125,0.978515625,0.001953125,0.001953125,0.001953125,0.001953125,0.001953125
urn:cts:latinLit:phi0448.phi001.perseus-lat1:1.26.3,0.000988142292490119,0.000988142292490119,0.000988142292490119,0.000988142292490119,0.000988142292490119,0.000988142292490119,0.692687747035573,0.000988142292490119,0.000988142292490119,0.000988142292490119,0.24802371541502,0.0503952569169961
urn:cts:latinLit:phi0448.phi001.perseus-lat1:1.26.4,0.00163398692810458,0.00163398692810458,0.00163398692810458,0.00163398692810458,0.00163398692810458,0.00163398692810458,0.410130718954248,0.00163398692810458,0.00163398692810458,0.00163398692810458,0.00163398692810458,0.573529411764706
urn:cts:latinLit:phi0448.phi001.perseus-lat1:1.26.5,0.000708215297450425,0.000708215297450425,0.000708215297450425,0.28399433427762,0.425637393767705,0.000708215297450425,0.28399433427762,0.000708215297450425,0.000708215297450425,0.000708215297450425,0.000708215297450425,0.000708215297450425
urn:cts:latinLit:phi0448.phi001.perseus-lat1:1.26.6,0.00103950103950104,0.312889812889813,0.00103950103950104,0.260914760914761,0.00103950103950104,0.053014553014553,0.00103950103950104,0.00103950103950104,0.364864864864865,0.00103950103950104,0.00103950103950104,0.00103950103950104
urn:cts:latinLit:phi0448.phi001.perseus-lat1:1.27.1,0.00242718446601942,0.00242718446601942,0.00242718446601942,0.245145631067961,0.00242718446601942,0.00242718446601942,0.00242718446601942,0.00242718446601942,0.00242718446601942,0.730582524271845,0.00242718446601942,0.00242718446601942
urn:cts:latinLit:phi0448.phi001.perseus-lat1:1.27.2,0.00140449438202247,0.00140449438202247,0.00140449438202247,0.00140449438202247,0.00140449438202247,0.00140449438202247,0.00140449438202247,0.00140449438202247,0.35252808988764,0.633426966292135,0.00140449438202247,0.00140449438202247
urn:cts:latinLit:phi0448.phi001.perseus-lat1:1.27.3,0.00242718446601942,0.00242718446601942,0.00242718446601942,0.00242718446601942,0.366504854368932,0.00242718446601942,0.00242718446601942,0.00242718446601942,0.00242718446601942,0.609223300970874,0.00242718446601942,0.00242718446601942
