identifier,river_pike_south_disaster_island_people_mine,city_people_version_comments_word_large_council,made_bank_representing_chch_reserve_paper_left,insurance_council_marryatt_city_pay_tony_ami,toilet_rubble_portaloo_time_damage_portaloos_problems,aftershocks_residents_move_parking_nature_crumbling_mother,buildings_rubble_damage_people_sign_cathedral_representing,red_zone_house_areas_report_city_homes,world_cup_rugby_people_decision_damage_land,people_gambling_runs_wondering_victims_mobile_power,mayor_bob_parker_jersey_body_elections_anderton,red_zone_business_owners_allowed_black_cbd,eqc_contractors_week_list_quakes_paid_hour,john_key_finance_government_prime_billion_english,brownlee_gerry_recovery_buildings_john_damaged_key,aftershocks_liquefaction_rebuild_house_heading_people_couple,ring_ken_people_moon_march_japan_weeks
DCDL-0015511,0.3621103117506,0.00239808153477218,0.00239808153477218,0.482014388489209,0.00239808153477218,0.00239808153477218,0.00239808153477218,0.00239808153477218,0.00239808153477218,0.00239808153477218,0.00239808153477218,0.122302158273381,0.00239808153477218,0.00239808153477218,0.00239808153477218,0.00239808153477218,0.00239808153477218
DCDL-0015513,0.000705716302046577,0.000705716302046577,0.000705716302046577,0.000705716302046577,0.000705716302046577,0.000705716302046577,0.988708539167255,0.000705716302046577,0.000705716302046577,0.000705716302046577,0.000705716302046577,0.000705716302046577,0.000705716302046577,0.000705716302046577,0.000705716302046577,0.000705716302046577,0.000705716302046577
DCDL-0015513A,0.000705716302046577,0.000705716302046577,0.000705716302046577,0.000705716302046577,0.000705716302046577,0.000705716302046577,0.988708539167255,0.000705716302046577,0.000705716302046577,0.000705716302046577,0.000705716302046577,0.000705716302046577,0.000705716302046577,0.000705716302046577,0.000705716302046577,0.000705716302046577,0.000705716302046577
DCDL-0015518,0.191011235955056,0.00374531835205993,0.00374531835205993,0.00374531835205993,0.00374531835205993,0.00374531835205993,0.00374531835205993,0.378277153558052,0.00374531835205993,0.00374531835205993,0.00374531835205993,0.00374531835205993,0.00374531835205993,0.00374531835205993,0.378277153558052,0.00374531835205993,0.00374531835205993
DCDL-0015528,0.0017636684303351,0.0017636684303351,0.0017636684303351,0.0017636684303351,0.0017636684303351,0.0017636684303351,0.0017636684303351,0.0017636684303351,0.0017636684303351,0.2663139329806,0.0017636684303351,0.0017636684303351,0.0017636684303351,0.707231040564374,0.0017636684303351,0.0017636684303351,0.0017636684303351
DCDL-0015616,0.00239808153477218,0.482014388489209,0.00239808153477218,0.00239808153477218,0.00239808153477218,0.482014388489209,0.00239808153477218,0.00239808153477218,0.00239808153477218,0.00239808153477218,0.00239808153477218,0.00239808153477218,0.00239808153477218,0.00239808153477218,0.00239808153477218,0.00239808153477218,0.00239808153477218
NOT-ATL-1,0.24220623501199,0.00239808153477218,0.00239808153477218,0.00239808153477218,0.00239808153477218,0.00239808153477218,0.00239808153477218,0.00239808153477218,0.00239808153477218,0.00239808153477218,0.122302158273381,0.24220623501199,0.00239808153477218,0.00239808153477218,0.00239808153477218,0.3621103117506,0.00239808153477218
NOT-ATL-93,0.00214132762312634,0.00214132762312634,0.00214132762312634,0.00214132762312634,0.00214132762312634,0.00214132762312634,0.00214132762312634,0.00214132762312634,0.00214132762312634,0.00214132762312634,0.00214132762312634,0.00214132762312634,0.751605995717345,0.00214132762312634,0.00214132762312634,0.21627408993576,0.00214132762312634
DCDL-0015512,0.00460829493087558,0.00460829493087558,0.00460829493087558,0.00460829493087558,0.00460829493087558,0.00460829493087558,0.00460829493087558,0.00460829493087558,0.00460829493087558,0.00460829493087558,0.00460829493087558,0.465437788018433,0.00460829493087558,0.00460829493087558,0.00460829493087558,0.465437788018433,0.00460829493087558
DCDL-0015519,0.698744769874477,0.00139470013947001,0.00139470013947001,0.00139470013947001,0.00139470013947001,0.00139470013947001,0.00139470013947001,0.00139470013947001,0.210599721059972,0.00139470013947001,0.00139470013947001,0.00139470013947001,0.00139470013947001,0.0711297071129707,0.00139470013947001,0.00139470013947001,0.00139470013947001
DCDL-0015522,0.00214132762312634,0.00214132762312634,0.00214132762312634,0.00214132762312634,0.00214132762312634,0.00214132762312634,0.965738758029979,0.00214132762312634,0.00214132762312634,0.00214132762312634,0.00214132762312634,0.00214132762312634,0.00214132762312634,0.00214132762312634,0.00214132762312634,0.00214132762312634,0.00214132762312634
DCDL-0015522A,0.00214132762312634,0.00214132762312634,0.00214132762312634,0.00214132762312634,0.00214132762312634,0.00214132762312634,0.965738758029979,0.00214132762312634,0.00214132762312634,0.00214132762312634,0.00214132762312634,0.00214132762312634,0.00214132762312634,0.00214132762312634,0.00214132762312634,0.00214132762312634,0.00214132762312634
DCDL-0015533,0.000856898029134533,0.000856898029134533,0.000856898029134533,0.000856898029134533,0.000856898029134533,0.000856898029134533,0.300771208226221,0.000856898029134533,0.000856898029134533,0.000856898029134533,0.514995715509854,0.000856898029134533,0.000856898029134533,0.172236503856041,0.000856898029134533,0.000856898029134533,0.000856898029134533
NOT-ATL-2,0.00239808153477218,0.00239808153477218,0.00239808153477218,0.00239808153477218,0.00239808153477218,0.00239808153477218,0.00239808153477218,0.00239808153477218,0.00239808153477218,0.00239808153477218,0.961630695443645,0.00239808153477218,0.00239808153477218,0.00239808153477218,0.00239808153477218,0.00239808153477218,0.00239808153477218
NOT-ATL-3,0.0711297071129707,0.00139470013947001,0.00139470013947001,0.00139470013947001,0.00139470013947001,0.00139470013947001,0.00139470013947001,0.00139470013947001,0.00139470013947001,0.00139470013947001,0.698744769874477,0.00139470013947001,0.00139470013947001,0.00139470013947001,0.00139470013947001,0.210599721059972,0.00139470013947001
NOT-ATL-4,0.00139470013947001,0.00139470013947001,0.00139470013947001,0.00139470013947001,0.00139470013947001,0.00139470013947001,0.00139470013947001,0.00139470013947001,0.00139470013947001,0.97768479776848,0.00139470013947001,0.00139470013947001,0.00139470013947001,0.00139470013947001,0.00139470013947001,0.00139470013947001,0.00139470013947001
NOT-ATL-4_A,0.00139470013947001,0.00139470013947001,0.00139470013947001,0.00139470013947001,0.00139470013947001,0.00139470013947001,0.00139470013947001,0.00139470013947001,0.00139470013947001,0.97768479776848,0.00139470013947001,0.00139470013947001,0.00139470013947001,0.00139470013947001,0.00139470013947001,0.00139470013947001,0.00139470013947001
NOT-ATL-4_B,0.00139470013947001,0.00139470013947001,0.00139470013947001,0.00139470013947001,0.00139470013947001,0.00139470013947001,0.00139470013947001,0.00139470013947001,0.00139470013947001,0.97768479776848,0.00139470013947001,0.00139470013947001,0.00139470013947001,0.00139470013947001,0.00139470013947001,0.00139470013947001,0.00139470013947001
DCDL-0015530,0.000659195781147001,0.0995385629531971,0.000659195781147001,0.000659195781147001,0.000659195781147001,0.0665787738958471,0.000659195781147001,0.000659195781147001,0.000659195781147001,0.000659195781147001,0.000659195781147001,0.000659195781147001,0.0995385629531971,0.725774555042848,0.000659195781147001,0.000659195781147001,0.000659195781147001
DCDL-0015541,0.404844290657439,0.00115340253748558,0.00115340253748558,0.00115340253748558,0.231833910034602,0.00115340253748558,0.116493656286044,0.00115340253748558,0.231833910034602,0.00115340253748558,0.00115340253748558,0.00115340253748558,0.00115340253748558,0.00115340253748558,0.00115340253748558,0.00115340253748558,0.00115340253748558
NOT-ATL-19,0.00193423597678917,0.00193423597678917,0.195357833655706,0.00193423597678917,0.00193423597678917,0.00193423597678917,0.292069632495164,0.00193423597678917,0.00193423597678917,0.00193423597678917,0.00193423597678917,0.00193423597678917,0.485493230174081,0.00193423597678917,0.00193423597678917,0.00193423597678917,0.00193423597678917
NOT-ATL-5,0.00854700854700855,0.00854700854700855,0.00854700854700855,0.00854700854700855,0.00854700854700855,0.00854700854700855,0.00854700854700855,0.00854700854700855,0.00854700854700855,0.00854700854700855,0.00854700854700855,0.00854700854700855,0.00854700854700855,0.00854700854700855,0.00854700854700855,0.863247863247863,0.00854700854700855
NOT-ATL-6,0.00130378096479791,0.00130378096479791,0.327249022164276,0.00130378096479791,0.00130378096479791,0.00130378096479791,0.392438070404172,0.00130378096479791,0.00130378096479791,0.00130378096479791,0.00130378096479791,0.00130378096479791,0.00130378096479791,0.262059973924381,0.00130378096479791,0.00130378096479791,0.00130378096479791
NOT-ATL-7,0.0149253731343284,0.0149253731343284,0.0149253731343284,0.0149253731343284,0.0149253731343284,0.0149253731343284,0.0149253731343284,0.0149253731343284,0.0149253731343284,0.0149253731343284,0.0149253731343284,0.0149253731343284,0.761194029850746,0.0149253731343284,0.0149253731343284,0.0149253731343284,0.0149253731343284
DCDL-0015539,0.00239808153477218,0.24220623501199,0.00239808153477218,0.00239808153477218,0.00239808153477218,0.3621103117506,0.24220623501199,0.00239808153477218,0.00239808153477218,0.00239808153477218,0.122302158273381,0.00239808153477218,0.00239808153477218,0.00239808153477218,0.00239808153477218,0.00239808153477218,0.00239808153477218
DCDL-0015552,0.00272479564032698,0.00272479564032698,0.00272479564032698,0.00272479564032698,0.00272479564032698,0.00272479564032698,0.00272479564032698,0.00272479564032698,0.00272479564032698,0.00272479564032698,0.00272479564032698,0.00272479564032698,0.00272479564032698,0.547683923705722,0.275204359673025,0.138964577656676,0.00272479564032698
DCDL-0029375,0.00109051254089422,0.00109051254089422,0.00109051254089422,0.00109051254089422,0.00109051254089422,0.00109051254089422,0.437295528898582,0.00109051254089422,0.00109051254089422,0.00109051254089422,0.00109051254089422,0.00109051254089422,0.00109051254089422,0.00109051254089422,0.00109051254089422,0.546346782988004,0.00109051254089422
NOT-ATL-10,0.00193423597678917,0.00193423597678917,0.00193423597678917,0.0986460348162476,0.00193423597678917,0.0986460348162476,0.00193423597678917,0.00193423597678917,0.00193423597678917,0.00193423597678917,0.00193423597678917,0.00193423597678917,0.00193423597678917,0.00193423597678917,0.00193423597678917,0.775628626692456,0.00193423597678917
NOT-ATL-17_A,0.00139470013947001,0.00139470013947001,0.00139470013947001,0.00139470013947001,0.00139470013947001,0.00139470013947001,0.97768479776848,0.00139470013947001,0.00139470013947001,0.00139470013947001,0.00139470013947001,0.00139470013947001,0.00139470013947001,0.00139470013947001,0.00139470013947001,0.00139470013947001,0.00139470013947001
NOT-ATL-9,0.00272479564032698,0.683923705722071,0.00272479564032698,0.00272479564032698,0.00272479564032698,0.00272479564032698,0.00272479564032698,0.00272479564032698,0.00272479564032698,0.00272479564032698,0.00272479564032698,0.00272479564032698,0.00272479564032698,0.00272479564032698,0.00272479564032698,0.00272479564032698,0.275204359673025
NOT-ATL-11,0.00239808153477218,0.00239808153477218,0.00239808153477218,0.00239808153477218,0.00239808153477218,0.00239808153477218,0.00239808153477218,0.00239808153477218,0.961630695443645,0.00239808153477218,0.00239808153477218,0.00239808153477218,0.00239808153477218,0.00239808153477218,0.00239808153477218,0.00239808153477218,0.00239808153477218
NOT-ATL-11_A,0.00239808153477218,0.00239808153477218,0.00239808153477218,0.00239808153477218,0.00239808153477218,0.00239808153477218,0.00239808153477218,0.00239808153477218,0.961630695443645,0.00239808153477218,0.00239808153477218,0.00239808153477218,0.00239808153477218,0.00239808153477218,0.00239808153477218,0.00239808153477218,0.00239808153477218
NOT-ATL-11_B,0.00239808153477218,0.00239808153477218,0.00239808153477218,0.00239808153477218,0.00239808153477218,0.00239808153477218,0.00239808153477218,0.00239808153477218,0.961630695443645,0.00239808153477218,0.00239808153477218,0.00239808153477218,0.00239808153477218,0.00239808153477218,0.00239808153477218,0.00239808153477218,0.00239808153477218
DCDL-0015558,0.00115340253748558,0.00115340253748558,0.00115340253748558,0.00115340253748558,0.00115340253748558,0.00115340253748558,0.00115340253748558,0.00115340253748558,0.00115340253748558,0.00115340253748558,0.577854671280277,0.00115340253748558,0.00115340253748558,0.00115340253748558,0.00115340253748558,0.404844290657439,0.00115340253748558
DCDL-0017661,0.00272479564032698,0.00272479564032698,0.00272479564032698,0.00272479564032698,0.00272479564032698,0.00272479564032698,0.00272479564032698,0.00272479564032698,0.00272479564032698,0.00272479564032698,0.00272479564032698,0.00272479564032698,0.00272479564032698,0.00272479564032698,0.138964577656676,0.82016348773842,0.00272479564032698
NOT-ATL-12,0.00193423597678917,0.00193423597678917,0.00193423597678917,0.00193423597678917,0.00193423597678917,0.00193423597678917,0.678916827852998,0.00193423597678917,0.00193423597678917,0.00193423597678917,0.00193423597678917,0.292069632495164,0.00193423597678917,0.00193423597678917,0.00193423597678917,0.00193423597678917,0.00193423597678917
NOT-ATL-15_B,0.00149925037481259,0.00149925037481259,0.00149925037481259,0.00149925037481259,0.00149925037481259,0.00149925037481259,0.00149925037481259,0.976011994002998,0.00149925037481259,0.00149925037481259,0.00149925037481259,0.00149925037481259,0.00149925037481259,0.00149925037481259,0.00149925037481259,0.00149925037481259,0.00149925037481259
NOT-ATL-14,0.0017636684303351,0.0017636684303351,0.0017636684303351,0.0017636684303351,0.0017636684303351,0.2663139329806,0.08994708994709,0.0017636684303351,0.0017636684303351,0.0017636684303351,0.0017636684303351,0.0017636684303351,0.08994708994709,0.0017636684303351,0.530864197530864,0.0017636684303351,0.0017636684303351
NOT-ATL-16,0.00239808153477218,0.00239808153477218,0.00239808153477218,0.00239808153477218,0.00239808153477218,0.00239808153477218,0.601918465227818,0.00239808153477218,0.00239808153477218,0.00239808153477218,0.00239808153477218,0.122302158273381,0.00239808153477218,0.24220623501199,0.00239808153477218,0.00239808153477218,0.00239808153477218
DCDL-0015561,0.259565667011375,0.00103412616339193,0.00103412616339193,0.00103412616339193,0.00103412616339193,0.00103412616339193,0.00103412616339193,0.00103412616339193,0.259565667011375,0.00103412616339193,0.0527404343329886,0.00103412616339193,0.362978283350569,0.00103412616339193,0.00103412616339193,0.0527404343329886,0.00103412616339193
DCDL-0016337,0.104446742502585,0.00103412616339193,0.00103412616339193,0.00103412616339193,0.00103412616339193,0.00103412616339193,0.00103412616339193,0.156153050672182,0.00103412616339193,0.00103412616339193,0.00103412616339193,0.00103412616339193,0.00103412616339193,0.724922440537746,0.00103412616339193,0.00103412616339193,0.00103412616339193
NOT-ATL-15,0.00149925037481259,0.00149925037481259,0.00149925037481259,0.00149925037481259,0.00149925037481259,0.00149925037481259,0.00149925037481259,0.976011994002998,0.00149925037481259,0.00149925037481259,0.00149925037481259,0.00149925037481259,0.00149925037481259,0.00149925037481259,0.00149925037481259,0.00149925037481259,0.00149925037481259
NOT-ATL-15_A,0.00149925037481259,0.00149925037481259,0.00149925037481259,0.00149925037481259,0.00149925037481259,0.00149925037481259,0.00149925037481259,0.976011994002998,0.00149925037481259,0.00149925037481259,0.00149925037481259,0.00149925037481259,0.00149925037481259,0.00149925037481259,0.00149925037481259,0.00149925037481259,0.00149925037481259
NOT-ATL-80,0.00109051254089422,0.00109051254089422,0.00109051254089422,0.00109051254089422,0.00109051254089422,0.0556161395856052,0.00109051254089422,0.00109051254089422,0.00109051254089422,0.00109051254089422,0.00109051254089422,0.00109051254089422,0.00109051254089422,0.00109051254089422,0.00109051254089422,0.928026172300982,0.00109051254089422
DCDL-0015562,0.000759301442672741,0.000759301442672741,0.000759301442672741,0.000759301442672741,0.000759301442672741,0.000759301442672741,0.152619589977221,0.000759301442672741,0.000759301442672741,0.000759301442672741,0.835990888382688,0.000759301442672741,0.000759301442672741,0.000759301442672741,0.000759301442672741,0.000759301442672741,0.000759301442672741
DCDL-0015640,0.0764617691154423,0.00149925037481259,0.00149925037481259,0.00149925037481259,0.00149925037481259,0.00149925037481259,0.00149925037481259,0.00149925037481259,0.00149925037481259,0.00149925037481259,0.901049475262369,0.00149925037481259,0.00149925037481259,0.00149925037481259,0.00149925037481259,0.00149925037481259,0.00149925037481259
NOT-ATL-13,0.184822521419829,0.00122399020807834,0.00122399020807834,0.00122399020807834,0.00122399020807834,0.00122399020807834,0.00122399020807834,0.00122399020807834,0.00122399020807834,0.00122399020807834,0.00122399020807834,0.00122399020807834,0.00122399020807834,0.00122399020807834,0.00122399020807834,0.796817625458996,0.00122399020807834
NOT-ATL-18_A,0.000937207122774133,0.000937207122774133,0.000937207122774133,0.000937207122774133,0.000937207122774133,0.000937207122774133,0.000937207122774133,0.0477975632614808,0.000937207122774133,0.000937207122774133,0.938144329896907,0.000937207122774133,0.000937207122774133,0.000937207122774133,0.000937207122774133,0.000937207122774133,0.000937207122774133
DCDL-0015572,0.000441111601235112,0.000441111601235112,0.000441111601235112,0.000441111601235112,0.000441111601235112,0.000441111601235112,0.0224966916629907,0.000441111601235112,0.000441111601235112,0.000441111601235112,0.000441111601235112,0.000441111601235112,0.000441111601235112,0.970886634318483,0.000441111601235112,0.000441111601235112,0.000441111601235112
DCDL-0015572A,0.000441111601235112,0.000441111601235112,0.0224966916629907,0.000441111601235112,0.000441111601235112,0.000441111601235112,0.000441111601235112,0.000441111601235112,0.000441111601235112,0.000441111601235112,0.000441111601235112,0.000441111601235112,0.000441111601235112,0.970886634318483,0.000441111601235112,0.000441111601235112,0.000441111601235112
NOT-ATL-17,0.00139470013947001,0.00139470013947001,0.00139470013947001,0.00139470013947001,0.00139470013947001,0.00139470013947001,0.97768479776848,0.00139470013947001,0.00139470013947001,0.00139470013947001,0.00139470013947001,0.00139470013947001,0.00139470013947001,0.00139470013947001,0.00139470013947001,0.00139470013947001,0.00139470013947001
DCDL-0015642,0.00109051254089422,0.00109051254089422,0.00109051254089422,0.0556161395856052,0.00109051254089422,0.00109051254089422,0.164667393675027,0.00109051254089422,0.00109051254089422,0.00109051254089422,0.00109051254089422,0.00109051254089422,0.00109051254089422,0.00109051254089422,0.00109051254089422,0.764449291166848,0.00109051254089422
NOT-ATL-18,0.000937207122774133,0.000937207122774133,0.000937207122774133,0.000937207122774133,0.000937207122774133,0.000937207122774133,0.000937207122774133,0.000937207122774133,0.000937207122774133,0.0477975632614808,0.938144329896907,0.000937207122774133,0.000937207122774133,0.000937207122774133,0.000937207122774133,0.000937207122774133,0.000937207122774133
DCDL-0015627,0.00315457413249211,0.00315457413249211,0.00315457413249211,0.00315457413249211,0.00315457413249211,0.476340694006309,0.476340694006309,0.00315457413249211,0.00315457413249211,0.00315457413249211,0.00315457413249211,0.00315457413249211,0.00315457413249211,0.00315457413249211,0.00315457413249211,0.00315457413249211,0.00315457413249211
DCDL-0015573,0.000472366556447803,0.024090694378838,0.000472366556447803,0.000472366556447803,0.000472366556447803,0.000472366556447803,0.000472366556447803,0.000472366556447803,0.000472366556447803,0.000472366556447803,0.000472366556447803,0.000472366556447803,0.000472366556447803,0.968823807274445,0.000472366556447803,0.000472366556447803,0.000472366556447803
DCDL-0015607,0.000983284169124877,0.000983284169124877,0.000983284169124877,0.1976401179941,0.000983284169124877,0.000983284169124877,0.148475909537856,0.246804326450344,0.148475909537856,0.000983284169124877,0.000983284169124877,0.000983284169124877,0.000983284169124877,0.000983284169124877,0.000983284169124877,0.246804326450344,0.000983284169124877
DCDL-0017662,0.00214132762312634,0.323340471092077,0.00214132762312634,0.00214132762312634,0.00214132762312634,0.00214132762312634,0.00214132762312634,0.323340471092077,0.00214132762312634,0.00214132762312634,0.00214132762312634,0.00214132762312634,0.00214132762312634,0.00214132762312634,0.00214132762312634,0.323340471092077,0.00214132762312634
DCDL-0015605,0.761862130707252,0.000895255147717099,0.000895255147717099,0.090420769919427,0.135183527305282,0.000895255147717099,0.000895255147717099,0.000895255147717099,0.000895255147717099,0.000895255147717099,0.000895255147717099,0.000895255147717099,0.000895255147717099,0.000895255147717099,0.000895255147717099,0.000895255147717099,0.000895255147717099
DCDL-0015611,0.00162074554294976,0.00162074554294976,0.00162074554294976,0.00162074554294976,0.00162074554294976,0.00162074554294976,0.00162074554294976,0.00162074554294976,0.00162074554294976,0.00162074554294976,0.00162074554294976,0.00162074554294976,0.00162074554294976,0.00162074554294976,0.00162074554294976,0.974068071312804,0.00162074554294976
DCDL-0015611A,0.00162074554294976,0.00162074554294976,0.00162074554294976,0.00162074554294976,0.00162074554294976,0.00162074554294976,0.00162074554294976,0.00162074554294976,0.00162074554294976,0.00162074554294976,0.00162074554294976,0.00162074554294976,0.00162074554294976,0.00162074554294976,0.00162074554294976,0.974068071312804,0.00162074554294976
DCDL-0015626,0.000856898029134533,0.000856898029134533,0.000856898029134533,0.000856898029134533,0.000856898029134533,0.000856898029134533,0.257926306769494,0.000856898029134533,0.000856898029134533,0.000856898029134533,0.472150814053128,0.000856898029134533,0.000856898029134533,0.000856898029134533,0.000856898029134533,0.257926306769494,0.000856898029134533
DCDL-0015644,0.00115340253748558,0.34717416378316,0.00115340253748558,0.00115340253748558,0.00115340253748558,0.00115340253748558,0.00115340253748558,0.00115340253748558,0.00115340253748558,0.00115340253748558,0.00115340253748558,0.00115340253748558,0.00115340253748558,0.00115340253748558,0.00115340253748558,0.635524798154556,0.00115340253748558
DCDL-0015664,0.489539748953975,0.210599721059972,0.00139470013947001,0.00139470013947001,0.00139470013947001,0.00139470013947001,0.00139470013947001,0.00139470013947001,0.00139470013947001,0.00139470013947001,0.00139470013947001,0.00139470013947001,0.00139470013947001,0.00139470013947001,0.00139470013947001,0.00139470013947001,0.280334728033473
NOT-ATL-8,0.00122399020807834,0.00122399020807834,0.00122399020807834,0.00122399020807834,0.00122399020807834,0.00122399020807834,0.00122399020807834,0.00122399020807834,0.00122399020807834,0.674418604651163,0.00122399020807834,0.00122399020807834,0.00122399020807834,0.00122399020807834,0.00122399020807834,0.307221542227662,0.00122399020807834
NOT-ATL-20,0.000856898029134533,0.000856898029134533,0.000856898029134533,0.000856898029134533,0.0437017994858612,0.000856898029134533,0.000856898029134533,0.000856898029134533,0.000856898029134533,0.600685518423308,0.000856898029134533,0.000856898029134533,0.000856898029134533,0.000856898029134533,0.0865467009425878,0.257926306769494,0.000856898029134533
DCDL-0015734,0.00109051254089422,0.00109051254089422,0.00109051254089422,0.00109051254089422,0.982551799345692,0.00109051254089422,0.00109051254089422,0.00109051254089422,0.00109051254089422,0.00109051254089422,0.00109051254089422,0.00109051254089422,0.00109051254089422,0.00109051254089422,0.00109051254089422,0.00109051254089422,0.00109051254089422
DCDL-0017663,0.000508388408744281,0.000508388408744281,0.000508388408744281,0.000508388408744281,0.305541433655313,0.000508388408744281,0.000508388408744281,0.000508388408744281,0.000508388408744281,0.483477376715811,0.000508388408744281,0.000508388408744281,0.000508388408744281,0.000508388408744281,0.000508388408744281,0.203863751906457,0.000508388408744281
DCDL-0015674,0.2663139329806,0.0017636684303351,0.0017636684303351,0.0017636684303351,0.354497354497354,0.0017636684303351,0.0017636684303351,0.354497354497354,0.0017636684303351,0.0017636684303351,0.0017636684303351,0.0017636684303351,0.0017636684303351,0.0017636684303351,0.0017636684303351,0.0017636684303351,0.0017636684303351
DCDL-0024732,0.000731528895391368,0.000731528895391368,0.000731528895391368,0.000731528895391368,0.000731528895391368,0.000731528895391368,0.366495976591075,0.000731528895391368,0.000731528895391368,0.000731528895391368,0.585954645208486,0.000731528895391368,0.000731528895391368,0.000731528895391368,0.000731528895391368,0.000731528895391368,0.0373079736649598
DCDL-0015710,0.00130378096479791,0.00130378096479791,0.00130378096479791,0.00130378096479791,0.00130378096479791,0.00130378096479791,0.00130378096479791,0.00130378096479791,0.00130378096479791,0.00130378096479791,0.00130378096479791,0.00130378096479791,0.979139504563233,0.00130378096479791,0.00130378096479791,0.00130378096479791,0.00130378096479791
DCDL-0015710A,0.00130378096479791,0.00130378096479791,0.00130378096479791,0.00130378096479791,0.00130378096479791,0.00130378096479791,0.00130378096479791,0.00130378096479791,0.00130378096479791,0.00130378096479791,0.00130378096479791,0.00130378096479791,0.979139504563233,0.00130378096479791,0.00130378096479791,0.00130378096479791,0.00130378096479791
DCDL-0015735,0.00122399020807834,0.00122399020807834,0.00122399020807834,0.00122399020807834,0.980416156670747,0.00122399020807834,0.00122399020807834,0.00122399020807834,0.00122399020807834,0.00122399020807834,0.00122399020807834,0.00122399020807834,0.00122399020807834,0.00122399020807834,0.00122399020807834,0.00122399020807834,0.00122399020807834
DCDL-0015713,0.000895255147717099,0.000895255147717099,0.000895255147717099,0.000895255147717099,0.000895255147717099,0.000895255147717099,0.000895255147717099,0.000895255147717099,0.000895255147717099,0.000895255147717099,0.985675917636526,0.000895255147717099,0.000895255147717099,0.000895255147717099,0.000895255147717099,0.000895255147717099,0.000895255147717099
DCDL-0015713A,0.000895255147717099,0.000895255147717099,0.000895255147717099,0.000895255147717099,0.000895255147717099,0.000895255147717099,0.000895255147717099,0.000895255147717099,0.000895255147717099,0.000895255147717099,0.985675917636526,0.000895255147717099,0.000895255147717099,0.000895255147717099,0.000895255147717099,0.000895255147717099,0.000895255147717099
DCDL-0015726,0.00139470013947001,0.00139470013947001,0.00139470013947001,0.00139470013947001,0.00139470013947001,0.97768479776848,0.00139470013947001,0.00139470013947001,0.00139470013947001,0.00139470013947001,0.00139470013947001,0.00139470013947001,0.00139470013947001,0.00139470013947001,0.00139470013947001,0.00139470013947001,0.00139470013947001
DCDL-0015726A,0.00139470013947001,0.00139470013947001,0.00139470013947001,0.00139470013947001,0.00139470013947001,0.97768479776848,0.00139470013947001,0.00139470013947001,0.00139470013947001,0.00139470013947001,0.00139470013947001,0.00139470013947001,0.00139470013947001,0.00139470013947001,0.00139470013947001,0.00139470013947001,0.00139470013947001
DCDL-0015784,0.163695299837925,0.00162074554294976,0.00162074554294976,0.00162074554294976,0.244732576985413,0.00162074554294976,0.568881685575365,0.00162074554294976,0.00162074554294976,0.00162074554294976,0.00162074554294976,0.00162074554294976,0.00162074554294976,0.00162074554294976,0.00162074554294976,0.00162074554294976,0.00162074554294976
DCDL-0015720,0.00103412616339193,0.00103412616339193,0.00103412616339193,0.00103412616339193,0.00103412616339193,0.00103412616339193,0.00103412616339193,0.00103412616339193,0.00103412616339193,0.00103412616339193,0.880041365046536,0.00103412616339193,0.00103412616339193,0.00103412616339193,0.00103412616339193,0.104446742502585,0.00103412616339193
DCDL-0015760,0.716428084526244,0.000681663258350375,0.000681663258350375,0.000681663258350375,0.000681663258350375,0.000681663258350375,0.000681663258350375,0.000681663258350375,0.000681663258350375,0.000681663258350375,0.000681663258350375,0.000681663258350375,0.000681663258350375,0.2733469665985,0.000681663258350375,0.000681663258350375,0.000681663258350375
DCDL-0015839,0.00239808153477218,0.24220623501199,0.00239808153477218,0.00239808153477218,0.00239808153477218,0.00239808153477218,0.601918465227818,0.00239808153477218,0.00239808153477218,0.00239808153477218,0.00239808153477218,0.122302158273381,0.00239808153477218,0.00239808153477218,0.00239808153477218,0.00239808153477218,0.00239808153477218
DCDL-0015856,0.000983284169124877,0.000983284169124877,0.000983284169124877,0.000983284169124877,0.000983284169124877,0.000983284169124877,0.000983284169124877,0.000983284169124877,0.984267453294002,0.000983284169124877,0.000983284169124877,0.000983284169124877,0.000983284169124877,0.000983284169124877,0.000983284169124877,0.000983284169124877,0.000983284169124877
DCDL-0015856A,0.000983284169124877,0.000983284169124877,0.000983284169124877,0.000983284169124877,0.000983284169124877,0.000983284169124877,0.000983284169124877,0.000983284169124877,0.984267453294002,0.000983284169124877,0.000983284169124877,0.000983284169124877,0.000983284169124877,0.000983284169124877,0.000983284169124877,0.000983284169124877,0.000983284169124877
DCDL-0015856B,0.000983284169124877,0.000983284169124877,0.000983284169124877,0.000983284169124877,0.0501474926253687,0.000983284169124877,0.000983284169124877,0.000983284169124877,0.935103244837758,0.000983284169124877,0.000983284169124877,0.000983284169124877,0.000983284169124877,0.000983284169124877,0.000983284169124877,0.000983284169124877,0.000983284169124877
DCDL-0015869,0.00162074554294976,0.00162074554294976,0.00162074554294976,0.244732576985413,0.0826580226904376,0.00162074554294976,0.163695299837925,0.00162074554294976,0.00162074554294976,0.00162074554294976,0.00162074554294976,0.00162074554294976,0.00162074554294976,0.00162074554294976,0.00162074554294976,0.487844408427877,0.00162074554294976
DCDL-0015892,0.000937207122774133,0.000937207122774133,0.000937207122774133,0.000937207122774133,0.000937207122774133,0.000937207122774133,0.000937207122774133,0.000937207122774133,0.235238987816307,0.000937207122774133,0.0477975632614808,0.000937207122774133,0.141518275538894,0.000937207122774133,0.000937207122774133,0.563261480787254,0.000937207122774133
DCDL-0015912,0.00149925037481259,0.00149925037481259,0.00149925037481259,0.00149925037481259,0.00149925037481259,0.52623688155922,0.00149925037481259,0.00149925037481259,0.00149925037481259,0.151424287856072,0.00149925037481259,0.00149925037481259,0.301349325337331,0.00149925037481259,0.00149925037481259,0.00149925037481259,0.00149925037481259
DCDL-0016039A,0.000638162093171666,0.000638162093171666,0.000638162093171666,0.000638162093171666,0.000638162093171666,0.000638162093171666,0.000638162093171666,0.989789406509253,0.000638162093171666,0.000638162093171666,0.000638162093171666,0.000638162093171666,0.000638162093171666,0.000638162093171666,0.000638162093171666,0.000638162093171666,0.000638162093171666
DCDL-0016039,0.000638162093171666,0.000638162093171666,0.000638162093171666,0.000638162093171666,0.000638162093171666,0.000638162093171666,0.000638162093171666,0.989789406509253,0.000638162093171666,0.000638162093171666,0.000638162093171666,0.000638162093171666,0.000638162093171666,0.000638162093171666,0.000638162093171666,0.000638162093171666,0.000638162093171666
DCDL-0016121,0.0017636684303351,0.0017636684303351,0.0017636684303351,0.0017636684303351,0.0017636684303351,0.0017636684303351,0.0017636684303351,0.0017636684303351,0.178130511463845,0.0017636684303351,0.0017636684303351,0.0017636684303351,0.0017636684303351,0.0017636684303351,0.0017636684303351,0.0017636684303351,0.795414462081129
DCDL-0016143,0.983453981385729,0.00103412616339193,0.00103412616339193,0.00103412616339193,0.00103412616339193,0.00103412616339193,0.00103412616339193,0.00103412616339193,0.00103412616339193,0.00103412616339193,0.00103412616339193,0.00103412616339193,0.00103412616339193,0.00103412616339193,0.00103412616339193,0.00103412616339193,0.00103412616339193
DCDL-0016143A,0.983453981385729,0.00103412616339193,0.00103412616339193,0.00103412616339193,0.00103412616339193,0.00103412616339193,0.00103412616339193,0.00103412616339193,0.00103412616339193,0.00103412616339193,0.00103412616339193,0.00103412616339193,0.00103412616339193,0.00103412616339193,0.00103412616339193,0.00103412616339193,0.00103412616339193
DCDL-0016218,0.00109051254089422,0.00109051254089422,0.00109051254089422,0.382769901853871,0.382769901853871,0.00109051254089422,0.00109051254089422,0.0556161395856052,0.00109051254089422,0.00109051254089422,0.00109051254089422,0.00109051254089422,0.164667393675027,0.00109051254089422,0.00109051254089422,0.00109051254089422,0.00109051254089422
NOT-ATL-89,0.60119940029985,0.00149925037481259,0.00149925037481259,0.00149925037481259,0.00149925037481259,0.00149925037481259,0.00149925037481259,0.00149925037481259,0.00149925037481259,0.00149925037481259,0.00149925037481259,0.00149925037481259,0.376311844077961,0.00149925037481259,0.00149925037481259,0.00149925037481259,0.00149925037481259
NOT-ATL-90,0.00103412616339193,0.311271975180972,0.00103412616339193,0.362978283350569,0.00103412616339193,0.104446742502585,0.104446742502585,0.00103412616339193,0.00103412616339193,0.00103412616339193,0.104446742502585,0.00103412616339193,0.00103412616339193,0.00103412616339193,0.00103412616339193,0.00103412616339193,0.00103412616339193
DCDL-0016259,0.00103412616339193,0.00103412616339193,0.00103412616339193,0.466390899689762,0.00103412616339193,0.00103412616339193,0.311271975180972,0.00103412616339193,0.00103412616339193,0.00103412616339193,0.00103412616339193,0.00103412616339193,0.00103412616339193,0.207859358841779,0.00103412616339193,0.00103412616339193,0.00103412616339193
DCDL-0016249,0.974068071312804,0.00162074554294976,0.00162074554294976,0.00162074554294976,0.00162074554294976,0.00162074554294976,0.00162074554294976,0.00162074554294976,0.00162074554294976,0.00162074554294976,0.00162074554294976,0.00162074554294976,0.00162074554294976,0.00162074554294976,0.00162074554294976,0.00162074554294976,0.00162074554294976
DCDL-0016310,0.000983284169124877,0.000983284169124877,0.000983284169124877,0.640117994100295,0.000983284169124877,0.000983284169124877,0.000983284169124877,0.000983284169124877,0.295968534906588,0.000983284169124877,0.000983284169124877,0.000983284169124877,0.0501474926253687,0.000983284169124877,0.000983284169124877,0.000983284169124877,0.000983284169124877
DCDL-0016804,0.00374531835205993,0.00374531835205993,0.00374531835205993,0.00374531835205993,0.00374531835205993,0.00374531835205993,0.00374531835205993,0.00374531835205993,0.00374531835205993,0.00374531835205993,0.00374531835205993,0.565543071161049,0.00374531835205993,0.00374531835205993,0.00374531835205993,0.378277153558052,0.00374531835205993
NOT-ATL-21,0.00272479564032698,0.00272479564032698,0.00272479564032698,0.00272479564032698,0.00272479564032698,0.00272479564032698,0.00272479564032698,0.275204359673025,0.00272479564032698,0.00272479564032698,0.00272479564032698,0.00272479564032698,0.00272479564032698,0.00272479564032698,0.00272479564032698,0.683923705722071,0.00272479564032698
NOT-ATL-50,0.00109051254089422,0.00109051254089422,0.00109051254089422,0.00109051254089422,0.982551799345692,0.00109051254089422,0.00109051254089422,0.00109051254089422,0.00109051254089422,0.00109051254089422,0.00109051254089422,0.00109051254089422,0.00109051254089422,0.00109051254089422,0.00109051254089422,0.00109051254089422,0.00109051254089422
DCDL-0017245,0.489539748953975,0.00139470013947001,0.00139470013947001,0.00139470013947001,0.00139470013947001,0.350069735006973,0.00139470013947001,0.00139470013947001,0.140864714086471,0.00139470013947001,0.00139470013947001,0.00139470013947001,0.00139470013947001,0.00139470013947001,0.00139470013947001,0.00139470013947001,0.00139470013947001
NOT-ATL-73,0.00193423597678917,0.00193423597678917,0.00193423597678917,0.195357833655706,0.00193423597678917,0.00193423597678917,0.678916827852998,0.00193423597678917,0.00193423597678917,0.00193423597678917,0.0986460348162476,0.00193423597678917,0.00193423597678917,0.00193423597678917,0.00193423597678917,0.00193423597678917,0.00193423597678917
DCDL-0016946,0.0017636684303351,0.0017636684303351,0.0017636684303351,0.0017636684303351,0.0017636684303351,0.0017636684303351,0.0017636684303351,0.0017636684303351,0.0017636684303351,0.442680776014109,0.0017636684303351,0.0017636684303351,0.0017636684303351,0.0017636684303351,0.0017636684303351,0.530864197530864,0.0017636684303351
NOT-ATL-25,0.00239808153477218,0.00239808153477218,0.00239808153477218,0.482014388489209,0.00239808153477218,0.00239808153477218,0.00239808153477218,0.3621103117506,0.00239808153477218,0.00239808153477218,0.00239808153477218,0.00239808153477218,0.00239808153477218,0.00239808153477218,0.122302158273381,0.00239808153477218,0.00239808153477218
DCDL-0017142,0.00109051254089422,0.00109051254089422,0.110141766630316,0.110141766630316,0.00109051254089422,0.00109051254089422,0.00109051254089422,0.655398037077426,0.00109051254089422,0.110141766630316,0.00109051254089422,0.00109051254089422,0.00109051254089422,0.00109051254089422,0.00109051254089422,0.00109051254089422,0.00109051254089422
DCDL-0017150,0.00239808153477218,0.00239808153477218,0.00239808153477218,0.00239808153477218,0.00239808153477218,0.00239808153477218,0.00239808153477218,0.00239808153477218,0.00239808153477218,0.00239808153477218,0.00239808153477218,0.961630695443645,0.00239808153477218,0.00239808153477218,0.00239808153477218,0.00239808153477218,0.00239808153477218
DCDL-0017150A,0.00239808153477218,0.00239808153477218,0.00239808153477218,0.00239808153477218,0.00239808153477218,0.00239808153477218,0.00239808153477218,0.00239808153477218,0.00239808153477218,0.00239808153477218,0.00239808153477218,0.961630695443645,0.00239808153477218,0.00239808153477218,0.00239808153477218,0.00239808153477218,0.00239808153477218
DCDL-0017156,0.00315457413249211,0.79179810725552,0.00315457413249211,0.00315457413249211,0.00315457413249211,0.00315457413249211,0.00315457413249211,0.00315457413249211,0.160883280757098,0.00315457413249211,0.00315457413249211,0.00315457413249211,0.00315457413249211,0.00315457413249211,0.00315457413249211,0.00315457413249211,0.00315457413249211
DCDL-0017157,0.00272479564032698,0.411444141689373,0.00272479564032698,0.00272479564032698,0.00272479564032698,0.00272479564032698,0.138964577656676,0.00272479564032698,0.00272479564032698,0.00272479564032698,0.00272479564032698,0.00272479564032698,0.00272479564032698,0.00272479564032698,0.00272479564032698,0.411444141689373,0.00272479564032698
DCDL-0017159,0.000789265982636148,0.513812154696133,0.000789265982636148,0.000789265982636148,0.000789265982636148,0.000789265982636148,0.474348855564325,0.000789265982636148,0.000789265982636148,0.000789265982636148,0.000789265982636148,0.000789265982636148,0.000789265982636148,0.000789265982636148,0.000789265982636148,0.000789265982636148,0.000789265982636148
DCDL-0017162,0.000638162093171666,0.479259731971921,0.128270580727505,0.000638162093171666,0.000638162093171666,0.000638162093171666,0.000638162093171666,0.287811104020421,0.000638162093171666,0.000638162093171666,0.0644543714103382,0.000638162093171666,0.000638162093171666,0.000638162093171666,0.0325462667517549,0.000638162093171666,0.000638162093171666
